1960,1997,2054,1960,2491,2507,2480,2497,2039,2248,1889,1959,2072,1826,2126,2137,649
1851,1915,1984,2007,2507,2496,2471,2495,2032,1721,2071,2052,1759,2070,1910,1763,653
1924,1888,1939,2016,2488,2499,2480,2479,1791,2160,1926,1963,2200,1829,1999,2112,657
1867,1928,1941,2043,2496,2489,2485,2488,1788,1939,2136,1871,2023,1952,1819,2043,661
1871,1949,1984,2037,2497,2484,2475,2501,1932,1847,2151,2062,1721,2062,1966,1700,665
1905,1971,2092,1977,2499,2496,2471,2515,2164,1997,1917,2152,1788,1989,2024,1943,669
1992,2035,2031,1960,2487,2507,2480,2497,2173,2112,1799,1979,1994,1857,2132,2112,673
1863,1879,1952,1967,2511,2496,2467,2495,1891,2124,1888,1720,2116,2074,1936,1701,677
1904,1886,1981,2024,2493,2499,2466,2487,2055,2048,1807,2135,2050,1823,2059,1984,681
1875,1904,1939,1987,2504,2483,2483,2488,1751,2046,2104,1826,2063,1933,1859,2134,685
1894,1859,1972,1964,2511,2496,2463,2495,2088,1900,1807,2240,1981,1970,2008,1765,689
2023,1896,1884,1959,2507,2502,2479,2475,1679,2019,1946,1737,2188,1929,1842,2022,693
1999,1902,1904,1915,2515,2504,2467,2495,1985,1717,1947,2112,1871,2054,1922,1683,697
2080,1901,1875,1936,2492,2525,2480,2473,1939,2080,1779,2047,2208,1885,2075,1974,701
2046,2047,1883,1865,2504,2503,2489,2488,2003,1767,2078,1905,1820,2088,1885,1735,705
2048,1933,1916,1893,2508,2516,2469,2491,2176,1796,1778,2152,1907,2045,2000,1817,709
2112,1933,1867,1944,2489,2519,2480,2475,1822,2112,1790,1857,2144,1895,1982,2024,713
1889,1918,2047,2053,2495,2503,2467,2495,1981,1726,2047,1890,1774,2096,1897,1980,717
1863,1928,1943,2003,2496,2485,2483,2496,1797,1875,2176,1945,1878,1992,1817,1939,721
1865,1873,1986,1981,2503,2496,2463,2495,2068,1888,1871,2224,1879,1926,1992,1858,725
1910,1864,1919,1999,2497,2495,2482,2474,1695,2124,1996,1927,2164,1846,1949,2116,729
1894,1926,1920,1955,2517,2480,2471,2495,1976,1715,2127,2072,1791,2056,1911,1737,733
1968,1863,1899,1964,2503,2515,2472,2477,1957,2009,1770,2119,2176,1787,2063,1984,737
2041,1987,1884,1873,2511,2504,2483,2491,2003,1713,2088,1887,1869,2068,1836,1741,741
2080,2045,1943,1904,2489,2510,2496,2481,2079,2026,1679,2013,2048,1905,2118,1990,745
1965,2108,1991,1887,2500,2489,2497,2496,2025,1915,2148,1842,1763,2044,1951,2009,749
1955,2045,2030,1880,2501,2504,2484,2499,2260,1975,1663,2088,1840,1955,2076,1945,753
1979,2016,2031,1979,2484,2497,2491,2496,1813,2170,2121,1713,2015,1942,1883,2226,757
1919,2003,2064,1967,2499,2496,2479,2517,2124,1871,2109,2016,1723,2085,2004,1887,761
1948,1947,2021,2076,2479,2499,2482,2482,1941,2248,1894,1911,2112,1819,2069,2188,765
1867,1979,1984,2037,2499,2481,2479,2499,1949,1735,2302,2020,1753,2050,1935,1785,769
1912,1870,1939,2002,2493,2497,2480,2479,1997,2072,1822,2159,2058,1799,2058,2060,773
1951,1897,1896,1911,2515,2504,2469,2491,2016,1711,2063,1991,1799,2076,1893,1723,777
2100,1984,1871,1926,2488,2505,2495,2472,1879,2104,1777,1823,2184,1886,1987,2120,781
2031,2067,1903,1863,2506,2496,2489,2492,2127,1711,2060,1948,1743,2126,1914,1805,785
2004,2039,1999,1952,2483,2503,2488,2489,2115,2152,1779,1991,2080,1871,2143,2152,789
2088,1935,1889,1920,2495,2527,2480,2479,2047,2072,1632,1942,2129,1874,2047,2008,793
2018,2088,2064,2001,2499,2496,2473,2503,1997,1811,2112,1803,1751,2096,1909,1856,797
2049,1963,1924,1883,2503,2524,2470,2487,2156,1805,1775,2160,1978,1999,2018,1835,801
2091,2064,1905,1897,2496,2497,2499,2484,1829,2092,1963,1703,2120,1980,1869,2092,805
1971,2059,2024,1878,2503,2500,2483,2501,2272,1790,1862,2056,1839,2047,2048,1871,809
1992,2048,2005,1960,2483,2506,2488,2488,1939,2240,1915,1781,2116,1905,2009,2256,813
2096,2028,1887,1928,2489,2511,2488,2473,1987,2040,1718,1747,2128,1919,2003,2136,817
1930,1947,2088,2019,2493,2503,2467,2495,2200,2014,1915,2048,1833,1987,2032,1991,821
1915,1944,1999,2079,2480,2492,2487,2483,1689,2151,2144,1747,2041,1933,1863,2132,825
1855,1943,2000,2033,2499,2496,2473,2502,2040,1823,2009,2192,1780,2041,1962,1731,829
1912,1893,1942,2052,2486,2497,2480,2480,1694,2104,1911,1983,2184,1847,1978,2136,833
1868,1903,1929,1943,2489,2511,2480,2495,1979,1701,2047,2099,1802,2040,1852,1695,837
1948,2052,2034,1939,2496,2488,2489,2500,1915,1926,2128,1811,1799,2020,1889,2039,841
1912,1911,1987,2082,2483,2503,2472,2489,1947,2144,1907,2101,2073,1831,2061,2112,845
1851,1917,1939,1959,2508,2480,2478,2495,1947,1702,2136,2068,1831,2036,1867,1755,849
2047,1896,1863,1956,2491,2511,2482,2471,1779,2112,1859,1903,2216,1863,1963,2032,853
2005,2046,1998,1885,2501,2506,2486,2499,2264,1851,1795,2082,1831,2061,2016,1759,857
1907,1984,2028,2013,2492,2486,2487,2496,1791,1907,2240,1849,1815,1984,1849,1987,861
1935,2068,2030,1919,2496,2488,2487,2500,1927,1963,2174,1795,1749,2032,1969,2015,865
1896,1917,1991,2072,2481,2501,2480,2483,1963,2152,1886,2039,2024,1829,2076,2136,869
1867,1885,1952,1939,2519,2496,2467,2493,1952,1706,2045,2136,1805,2047,1934,1735,873
2089,1920,1853,1955,2496,2511,2495,2476,1734,2074,1879,1772,2184,1927,1859,2084,877
1924,1939,2022,2080,2483,2502,2480,2483,1951,2186,1845,2059,1987,1855,2114,2119,881
1886,1905,1952,1959,2515,2484,2471,2495,1936,1667,2019,2136,1789,2063,1940,1737,885
2089,1952,1863,1927,2496,2515,2487,2480,1702,2069,1901,1729,2172,1926,1833,2066,889
1984,2039,2030,1909,2495,2509,2480,2495,2175,2113,1687,2094,1954,1863,2150,2011,893
1905,1996,2048,2014,2498,2483,2483,2500,1874,1947,2168,1807,1830,1992,1891,2047,897
1903,1994,2080,1993,2501,2496,2477,2503,2048,1849,2175,1940,1655,2099,1963,1871,901
1906,1906,1943,2077,2482,2493,2483,2480,1683,2063,2124,1799,2151,1879,1859,2146,905
1947,1863,1942,1933,2519,2502,2460,2491,2112,1816,1853,2220,1935,1955,2016,1830,909
2069,1952,1875,1931,2496,2508,2487,2473,1817,1999,2056,1781,2047,1976,1806,2019,913
1984,2051,1989,1904,2499,2509,2482,2493,2264,1964,1758,2055,2016,1903,2142,2009,917
2080,1915,1895,1924,2499,2519,2464,2482,2075,2064,1767,1933,2152,1857,2047,1993,921
1971,2099,1986,1865,2503,2496,2491,2505,2144,1767,2086,1915,1746,2126,1970,1805,925
1945,1954,2013,2077,2481,2494,2487,2483,1698,2236,2083,1737,2132,1880,1935,2210,929
1882,1857,1967,1971,2507,2499,2464,2492,2018,1933,1715,2246,2068,1869,2040,1876,933
1888,1895,1982,2036,2492,2502,2466,2489,1979,2048,1829,2185,2017,1791,2076,2036,937
1951,1899,1891,1905,2519,2500,2471,2493,1873,1708,2127,1960,1767,2054,1867,1775,941
2075,2050,1915,1911,2496,2501,2499,2480,1779,2140,1856,1733,2128,1939,1938,2128,945
1912,1983,2096,1952,2497,2502,2470,2511,2204,2053,1846,2128,1879,1939,2068,1961,949
1909,1960,2007,2073,2484,2491,2487,2496,1763,2039,2240,1769,2003,1941,1839,2158,953
1896,1873,1969,1996,2502,2499,2466,2489,2106,1990,1711,2159,2072,1839,2067,1999,957
1969,2054,2040,1903,2502,2504,2473,2507,2224,1821,1859,2032,1775,2091,2000,1803,961
1891,1956,1982,2047,2496,2487,2487,2496,1785,1959,2304,1833,1901,1952,1853,2059,965
1872,1880,1975,1997,2499,2501,2464,2487,1995,2000,1754,2183,2019,1807,2072,1984,969
1931,1920,1894,1907,2520,2497,2475,2490,1793,1791,2164,1881,1963,1984,1811,1855,973
1897,1899,1908,1931,2527,2496,2467,2495,1987,1679,2055,2080,1815,2060,1896,1679,977
2089,2016,1883,1925,2496,2511,2495,2471,1774,2013,2028,1683,2148,1990,1871,2136,981
1967,2055,2034,1879,2503,2504,2484,2501,2252,1999,1723,2104,1879,1971,2048,1833,985
1903,1984,2030,2033,2496,2489,2489,2496,1773,1993,2256,1831,1919,1952,1863,2055,989
1872,1879,1969,2035,2495,2499,2468,2489,2071,2022,1845,2191,2054,1833,2083,2048,993
1943,1909,1888,1917,2526,2488,2475,2494,1835,1703,2224,1994,1835,2036,1880,1739,997
1839,1971,1971,2022,2499,2483,2479,2496,1901,1721,2272,2061,1737,2056,1922,1775,1001
1951,1860,1871,1994,2504,2503,2479,2473,1743,2056,1871,1939,2252,1839,1971,2080,1005
1917,1875,1913,2007,2496,2491,2483,2476,1679,2045,2078,1827,2203,1916,1870,2140,1009
2048,1895,1916,1905,2501,2519,2466,2483,2126,1841,1687,2144,1959,1934,2002,1785,1013
1959,2110,1974,1871,2502,2491,2499,2496,2001,1843,2184,1903,1729,2092,1939,1879,1017
1952,1985,2053,2016,2483,2503,2480,2491,2063,2130,1762,2015,2022,1829,2140,2149,1021
1847,1911,1984,2014,2503,2496,2471,2499,2000,1728,2111,2217,1743,2054,1952,1753,1025
1971,1868,1899,1975,2504,2501,2479,2476,1702,2172,1883,1869,2232,1873,1903,2128,1029
2063,1982,1930,1879,2501,2524,2473,2487,2192,1852,1725,2098,1957,1982,2056,1836,1033
2084,1971,1890,1904,2491,2518,2480,2476,2079,2006,1695,2073,2123,1917,2071,1935,1037
1999,1889,1867,1947,2504,2505,2479,2480,1713,2102,1914,1785,2142,1933,1835,2072,1041
2052,1995,1932,1889,2503,2522,2471,2487,2230,1864,1687,2136,1957,1933,2032,1888,1045
2056,1911,1901,1920,2501,2519,2468,2483,2155,2052,1683,2073,2097,1878,2047,1923,1049
1941,2063,2032,1913,2505,2496,2479,2508,2112,1743,2130,1959,1727,2094,1971,1791,1053
1964,1956,2017,2078,2478,2495,2487,2481,1743,2224,1922,1797,2096,1857,1987,2232,1057
1881,1871,1970,1976,2505,2496,2464,2493,2072,1920,1788,2212,1951,1919,1984,1775,1061
2003,1912,1883,1945,2512,2499,2479,2480,1667,1942,2072,1783,2091,1946,1823,2030,1065
2051,1980,1935,1888,2499,2511,2480,2483,2156,1912,1684,2132,1985,1971,2016,1788,1069
1985,2096,1988,1895,2500,2488,2489,2504,1925,1932,2064,1735,1919,1992,1885,2039,1073
1967,2091,2001,1879,2503,2496,2489,2509,2169,1795,2112,1907,1681,2116,1955,1803,1077
2016,2048,1963,1932,2489,2509,2496,2487,1991,2188,1751,1841,2112,1895,2079,2168,1081
2055,2048,1915,1923,2487,2506,2499,2475,1871,2196,1888,1702,2130,1949,1907,2168,1085
1955,2047,2064,1925,2501,2496,2475,2507,2240,1927,1919,2064,1755,2041,2080,1891,1089
1919,1961,2013,2071,2480,2495,2487,2482,1729,2226,2097,1705,2034,1905,1839,2268,1093
1854,1923,1992,2039,2499,2496,2471,2499,2048,1796,2079,2144,1778,2041,1984,1819,1097
1924,1902,1943,2056,2481,2499,2480,2480,1836,2120,2009,1915,2112,1843,2015,2088,1101
1871,1915,1942,1951,2511,2480,2475,2495,1888,1711,2111,2088,1757,2046,1897,1762,1105
1954,1843,1919,1968,2507,2503,2464,2483,2035,2049,1727,2079,2160,1830,2057,2008,1109
1987,1904,1885,1935,2520,2496,2479,2480,1819,1827,2192,1885,2006,1976,1807,1959,1113
2021,1887,1922,1921,2508,2512,2462,2489,2096,1807,1756,2180,1950,1995,1996,1831,1117
1929,2040,2056,1935,2498,2484,2486,2508,1981,1863,2140,1878,1723,2040,1947,1955,1121
1912,1939,2079,2016,2495,2503,2469,2503,2140,2136,1751,2114,1924,1871,2072,2087,1125
1963,1965,2031,2047,2482,2498,2489,2496,1767,2186,2098,1689,2142,1924,1869,2256,1129
1894,1963,2032,2055,2495,2496,2471,2499,1994,1795,2085,2048,1725,2057,1963,1791,1133
1898,1895,1941,2078,2480,2497,2482,2479,1750,2168,1958,1886,2152,1887,1927,2112,1137
1843,1943,1942,1989,2505,2480,2478,2494,1888,1715,2146,2048,1767,2044,1912,1759,1141
1880,1875,1980,2000,2499,2499,2465,2489,2079,1952,1671,2199,2008,1847,2070,1931,1145
1905,1896,1907,1943,2520,2489,2479,2488,1753,1967,2089,1845,2045,1928,1823,1957,1149
2027,1899,1907,1912,2502,2523,2467,2481,2115,1926,1711,2156,2068,1919,2050,1835,1153
2069,2036,1888,1895,2500,2507,2493,2480,1939,1817,2020,1778,1947,2017,1871,1987,1157
1894,1900,1917,2035,2496,2493,2483,2480,1695,2067,2099,1833,2147,1884,1835,2118,1161
1915,1875,1944,1939,2515,2496,2467,2495,2052,1767,1871,2192,1890,2038,1952,1743,1165
2045,1879,1875,1968,2503,2507,2479,2473,1721,2156,1907,1779,2208,1863,1831,2088,1169
2043,1985,1920,1877,2507,2512,2475,2491,2048,1701,1935,2090,1827,2124,1934,1693,1173
2027,2073,1919,1933,2487,2503,2498,2480,1874,2175,1857,1635,2098,1952,1929,2154,1177
1959,2077,2032,1895,2503,2496,2485,2505,2184,1822,1991,1984,1695,2103,2020,1823,1181
1984,2028,2033,1944,2491,2507,2480,2493,2091,2240,1809,1910,2072,1807,2103,2144,1185
1911,2014,2048,1963,2498,2485,2487,2512,1951,1835,2164,1843,1727,2064,1899,1930,1189
1922,1945,2077,2009,2491,2503,2468,2503,2132,2118,1831,2116,1852,1879,2080,2007,1193
1868,1944,1979,2067,2496,2487,2487,2496,1727,1991,2244,1845,1955,1952,1834,2089,1197
1876,1867,1959,1963,2508,2502,2464,2485,2086,1915,1753,2260,1942,1881,2040,1839,1201
1888,1902,2023,2060,2491,2501,2465,2493,2116,1990,1867,2246,1936,1859,2044,1891,1205
1885,1920,1951,2063,2484,2493,2486,2481,1722,2038,2102,1831,2079,1921,1829,2092,1209
1843,1887,1968,1969,2515,2496,2463,2494,2072,1785,1995,2248,1847,2031,1940,1761,1213
1967,1876,1879,1994,2497,2497,2479,2473,1721,2096,1950,1845,2172,1881,1861,2136,1217
1991,1918,1912,1909,2509,2512,2467,2493,2056,1689,2009,2020,1831,2097,1908,1663,1221
2094,1978,1865,1919,2487,2525,2488,2471,1869,2130,1943,1743,2246,1917,1870,2084,1225
2027,2059,1910,1853,2510,2496,2487,2491,2048,1675,2074,1963,1702,2136,1939,1679,1229
2060,2013,1942,1894,2497,2515,2477,2483,2175,2003,1711,2055,1960,1923,2086,1861,1233
2030,2080,1913,1910,2496,2502,2497,2480,1823,2069,2020,1698,2102,1989,1871,2174,1237
1942,1930,1879,1903,2515,2497,2474,2491,1797,1747,2136,1859,1931,1992,1849,1826,1241
1867,1907,1927,1935,2518,2480,2475,2494,1904,1644,2130,2073,1838,2032,1895,1749,1245
1968,1843,1929,1945,2511,2503,2464,2487,2023,1984,1741,2163,2176,1835,2074,1940,1249
2019,1950,1865,1899,2508,2502,2481,2488,1867,1791,2120,1809,1951,1984,1843,1887,1253
2052,2025,1931,1920,2491,2509,2496,2485,2169,2054,1639,2005,2032,1903,2079,1955,1257
1914,1999,2064,1977,2502,2496,2477,2507,2119,1782,2175,1898,1652,2084,1998,1911,1261
1944,1927,1965,2088,2478,2499,2482,2480,1823,2208,2008,1837,2128,1856,1963,2192,1265
1855,1923,1956,2006,2503,2481,2475,2499,1944,1683,2175,2164,1723,2072,1891,1721,1269
1892,1871,1947,2008,2499,2497,2472,2485,1915,2066,1807,2111,2121,1807,2067,2000,1273
1929,1908,1895,1914,2526,2496,2475,2492,1791,1807,2160,1942,1938,1984,1839,1847,1277
1990,1881,1928,1931,2525,2504,2463,2494,2036,1679,1859,2129,1943,2025,1960,1713,1281
2102,1948,1854,1935,2489,2515,2482,2473,1679,2144,1923,1761,2226,1921,1889,2132,1285
2035,1995,1900,1863,2511,2508,2479,2491,2088,1624,2011,1993,1775,2143,1896,1636,1289
2096,2019,1907,1912,2493,2511,2488,2479,2057,2096,1719,1857,2112,1895,2095,2008,1293
1965,2106,1988,1875,2500,2490,2497,2500,2006,1807,2096,1903,1755,2046,1963,1891,1297
1956,2017,2059,1952,2491,2507,2473,2499,2139,2128,1717,2019,2008,1837,2137,2076,1301
1923,2000,2037,2003,2496,2489,2487,2504,1853,1911,2184,1843,1767,1992,1873,2041,1305
1897,1915,2019,2057,2489,2502,2466,2494,2063,2035,1855,2184,1920,1841,2079,2023,1309
1859,1920,1935,2011,2496,2485,2483,2496,1707,1857,2144,1951,2009,1969,1854,2007,1313
1891,1849,1980,1952,2511,2498,2463,2491,2056,1896,1798,2228,2007,1903,2020,1795,1317
1897,1959,2088,2016,2495,2502,2467,2499,2200,1951,1979,2128,1805,1999,2016,1893,1321
1861,1928,1951,2043,2496,2487,2486,2488,1715,1981,2208,1869,1941,1968,1819,2037,1325
1861,1900,1988,2019,2503,2496,2467,2497,2080,1809,1975,2228,1774,2015,1996,1785,1329
1955,1888,1893,1982,2497,2495,2479,2475,1681,2015,2011,1813,2179,1903,1823,2102,1333
1993,1894,1912,1914,2523,2504,2465,2493,2032,1729,1761,2144,1879,2058,1952,1692,1337
2119,1948,1869,1932,2488,2519,2484,2471,1791,2156,1885,1711,2136,1944,1933,2116,1341
2043,2067,1920,1866,2507,2497,2485,2493,2144,1683,1903,1984,1694,2114,1944,1723,1345
2037,2012,1938,1878,2503,2514,2476,2489,2200,1839,1839,2064,1907,1999,2068,1795,1349
1979,2072,1991,1923,2496,2497,2499,2496,1887,2031,2032,1733,1989,1984,1927,2127,1353
1920,1931,2055,2048,2491,2503,2470,2495,2067,2144,1861,2095,2048,1841,2097,2098,1357
1885,1911,1938,1947,2515,2481,2471,2495,2016,1733,2043,2160,1758,2071,1920,1721,1361
1968,1854,1903,1970,2503,2503,2472,2479,1867,2040,1801,1979,2224,1807,2023,1990,1365
2005,1926,1870,1911,2514,2496,2477,2488,1777,1838,2168,1899,1909,2064,1856,1839,1369
2096,1966,1909,1904,2499,2527,2472,2479,2105,1959,1669,2023,2066,1871,2076,1951,1373
2027,2084,1903,1879,2496,2495,2495,2484,1951,1811,2144,1761,1927,2048,1875,1958,1377
1968,1987,2055,1960,2493,2507,2472,2497,2079,2208,1686,1967,2064,1843,2147,2128,1381
2004,2048,1987,1940,2487,2507,2496,2487,2013,2136,1884,1747,2098,1871,2075,2192,1385
1872,1919,2020,2051,2497,2496,2469,2499,2160,1923,1919,2192,1783,1981,1984,1863,1389
1903,1908,1919,1961,2504,2486,2479,2488,1700,1959,2178,1875,2027,1926,1806,2059,1393
2072,1905,1899,1920,2499,2518,2468,2481,2075,2016,1639,2041,2088,1889,2071,1897,1397
1938,1865,1939,1992,2499,2501,2472,2481,1877,2112,1767,2047,2088,1823,2067,2008,1401
2059,1971,1904,1883,2507,2512,2473,2493,2084,1743,1875,2080,1758,2126,1924,1699,1405
1981,2064,2023,1941,2496,2491,2491,2504,1863,2095,2056,1693,2063,1969,1882,2205,1409
1899,1939,2086,2027,2495,2502,2470,2501,2134,2048,1907,2146,1898,1909,2064,1976,1413
1907,1952,1969,2083,2484,2495,2487,2484,1710,2142,2105,1743,2003,1921,1835,2155,1417
1987,2048,2023,1965,2483,2499,2491,2488,1753,2201,2023,1695,2110,1909,1917,2286,1421
1931,2063,2048,1899,2503,2496,2481,2507,2080,1847,2083,1934,1743,2089,1959,1854,1425
1919,1928,1987,2098,2480,2499,2486,2480,1693,2130,2036,1743,2120,1859,1927,2216,1429
1890,1871,1964,1951,2511,2496,2463,2495,2100,1880,1799,2232,1915,1945,2036,1826,1433
2063,2028,1867,1879,2504,2509,2487,2488,1901,1779,2096,1876,1818,2052,1848,1859,1437
2034,2011,1934,1884,2502,2510,2476,2486,2220,1915,1708,2124,1985,1925,2080,1913,1441
1983,2088,1955,1907,2496,2497,2503,2496,1895,2059,1984,1687,1999,1971,1887,2138,1445
1937,1997,2095,1934,2495,2500,2471,2507,2204,1999,1823,2080,1875,1926,2084,1973,1449
1859,1960,1965,2044,2488,2483,2486,2496,1751,1883,2216,1891,1903,2000,1863,1959,1453
1893,1982,2048,1995,2496,2487,2486,2504,1918,1836,2280,1881,1785,2008,1887,1975,1457
1896,1875,1931,2016,2492,2495,2480,2477,1875,2112,1807,2059,2128,1815,2063,2048,1461
2007,1919,1912,1901,2511,2516,2467,2491,2080,1790,1915,2072,1859,2077,1936,1673,1465
1947,2080,2032,1899,2498,2487,2489,2504,1885,1868,2136,1833,1803,2024,1935,1967,1469
1936,1922,2025,2064,2485,2503,2472,2487,1905,2144,1989,1993,2024,1821,2045,2112,1473
1836,1940,1962,2018,2502,2481,2479,2496,1871,1757,2172,2101,1763,2050,1894,1819,1477
1965,2084,2009,1891,2496,2491,2493,2498,1976,1870,2116,1760,1779,2024,1942,1987,1481
1930,1935,2041,2064,2483,2503,2480,2483,2092,2161,1807,2091,1955,1833,2110,2144,1485
1855,1968,1975,2031,2496,2483,2485,2496,1841,1830,2204,1897,1751,2000,1869,1937,1489
1938,1851,1915,1992,2499,2499,2472,2479,1857,2084,1788,1979,2208,1813,1999,2040,1493
1926,1882,1915,2022,2488,2495,2480,2478,1643,2162,1955,1887,2152,1877,1897,2152,1497
1957,1887,1920,1923,2525,2496,2467,2495,1992,1725,2011,2144,1835,2075,1912,1686,1501
2075,1923,1866,1954,2489,2515,2482,2473,1751,2124,1894,1781,2236,1913,1897,2096,1505
2030,2043,1920,1875,2507,2497,2483,2491,2201,1731,1957,2020,1765,2123,1912,1709,1509
2012,2055,1987,1944,2482,2503,2494,2485,1915,2164,1898,1741,2160,1891,1995,2232,1513
2023,2080,1887,1897,2496,2497,2495,2480,1893,1955,2032,1731,1974,2008,1841,2035,1517
2061,1999,1893,1875,2507,2504,2483,2491,1951,1685,2035,1943,1750,2114,1888,1713,1521
1894,1879,1938,1951,2519,2496,2467,2495,2064,1725,1925,2196,1823,2087,1936,1657,1525
2003,1890,1885,1961,2504,2507,2481,2480,1650,2108,1888,1783,2246,1893,1882,2156,1529
1895,1902,1915,1937,2516,2480,2477,2492,1865,1713,2168,1981,1907,2016,1873,1875,1533
1865,1919,1976,1999,2503,2496,2469,2499,2000,1805,2035,2192,1809,2079,1960,1756,1537
1965,1896,1871,1967,2506,2503,2479,2475,1659,2138,1875,1853,2250,1860,1891,2092,1541
2048,1959,1920,1891,2505,2518,2473,2487,2172,1757,1829,2128,1859,2078,1940,1703,1545
2057,1907,1911,1908,2501,2527,2472,2479,2175,1939,1635,2138,2048,1897,2028,1895,1549
2007,2096,1942,1863,2502,2492,2497,2492,2063,1797,2176,1857,1807,2096,1913,1873,1553
2031,1983,1904,1883,2509,2512,2477,2491,1994,1695,1995,1991,1855,2110,1888,1723,1557
1843,1929,1992,2030,2499,2484,2475,2499,1988,1767,2167,2160,1731,2075,1954,1721,1561
1931,1987,2096,1984,2497,2500,2473,2507,2196,1906,2019,2056,1692,2083,2016,1877,1565
2021,2023,1952,1875,2503,2508,2477,2493,2240,1883,1687,2072,1862,2015,2040,1804,1569
2015,2056,1991,1942,2496,2497,2493,2496,1843,2180,1878,1722,2136,1929,1913,2220,1573
1931,1967,2088,2016,2494,2502,2468,2499,2160,1949,1918,2080,1814,2047,2025,1865,1577
1887,1936,1969,2079,2481,2492,2487,2481,1677,2085,2115,1799,2113,1923,1823,2143,1581
1856,1867,1978,1968,2509,2498,2462,2491,2028,1815,1935,2208,1883,1977,1976,1817,1585
2013,1916,1875,1939,2512,2497,2479,2480,1823,1859,2080,1783,1959,2000,1830,2021,1589
1852,1928,1942,1999,2500,2481,2483,2496,1743,1833,2204,2007,1879,2016,1856,1853,1593
1887,1985,2016,2035,2497,2483,2478,2502,1985,1828,2223,2063,1633,2066,1948,1804,1597
1949,2079,2016,1889,2507,2496,2485,2507,2176,1851,2023,1994,1769,2099,2016,1817,1601
1992,2037,2027,1968,2485,2505,2484,2496,2175,2122,1779,1971,2048,1866,2143,2130,1605
1893,2015,2048,1986,2498,2483,2483,2510,1943,1894,2168,1932,1679,2044,1929,1903,1609
1908,1888,1935,2068,2484,2497,2480,2479,1795,2136,1934,1935,2164,1853,1938,2112,1613
1878,1899,1936,1931,2519,2496,2467,2495,1928,1657,1998,2121,1763,2062,1902,1735,1617
1871,1875,1999,1992,2499,2498,2464,2489,2108,1877,1861,2244,1894,1919,2048,1815,1621
1921,1950,2069,2016,2491,2507,2472,2499,2159,2160,1817,2079,1942,1867,2102,2095,1625
2024,2051,1984,1920,2487,2507,2496,2490,2102,2114,1762,2043,2120,1895,2134,2005,1629
1923,2027,2064,1935,2503,2496,2479,2511,2145,1871,2075,2048,1679,2075,1995,1863,1633
2023,2079,1936,1870,2505,2496,2487,2495,2152,1734,1938,1956,1771,2136,1985,1703,1637
2096,1963,1902,1905,2497,2527,2472,2481,2127,1984,1639,2045,2064,1875,2067,1939,1641
1955,2091,2000,1895,2503,2487,2491,2509,2086,1759,2120,1910,1707,2084,1973,1765,1645
1999,2079,1928,1863,2507,2496,2487,2495,2180,1781,1927,1988,1787,2127,1948,1763,1649
2003,2072,1994,1933,2496,2495,2493,2496,1884,2206,1890,1695,2068,1917,1898,2164,1653
2009,2078,1927,1861,2504,2491,2493,2488,2058,1745,2112,1844,1798,2080,1903,1865,1657
2048,2003,1920,1869,2510,2516,2477,2491,2196,1765,1829,2096,1811,2110,1984,1821,1661
1931,1855,1951,1950,2515,2500,2462,2492,2108,1811,1735,2200,1980,1943,2016,1756,1665
2019,1875,1867,1980,2505,2507,2479,2474,1752,2142,1926,1815,2200,1891,1871,2148,1669
2057,1977,1904,1874,2507,2516,2475,2491,2168,1734,2017,2072,1783,2105,1939,1699,1673
1935,2020,2052,1955,2496,2489,2489,2508,1848,1975,2208,1843,1855,2008,1891,2043,1677
1903,1943,2079,2016,2495,2502,2469,2503,2160,2053,1903,2136,1955,1884,2080,1967,1681
1881,1952,1974,2071,2488,2491,2486,2496,1706,2055,2112,1827,2027,1937,1813,2123,1685
1867,1935,2008,2035,2499,2496,2470,2499,2056,1781,2119,2048,1797,2067,1961,1775,1689
1888,1895,2009,2053,2487,2501,2467,2492,2039,2024,1775,2230,2016,1839,2082,1941,1693
1952,1965,2041,2040,2485,2503,2480,2502,2039,2194,1731,1911,2084,1833,2031,2120,1697
1877,1957,2016,2051,2497,2496,2471,2499,2006,1813,2139,2028,1651,2047,1934,1843,1701
1909,2007,2068,1939,2503,2496,2479,2511,2100,1913,2073,2024,1738,2105,1984,1883,1705
1960,1965,2035,2018,2483,2503,2480,2499,1819,2224,1875,1859,2128,1862,2039,2224,1709
1878,1978,2048,2019,2499,2496,2479,2503,2052,1814,2139,2032,1667,2060,1957,1867,1713
1945,2013,2078,1916,2497,2504,2471,2507,2184,1990,1837,2080,1795,1985,2096,1903,1717
2013,1917,1916,1903,2511,2512,2463,2491,2064,1779,1871,2104,1901,2085,1952,1702,1721
1908,1855,1955,1964,2510,2499,2463,2491,2136,1891,1819,2248,2023,1890,2046,1869,1725
1888,1903,1983,2064,2487,2499,2472,2485,1969,2092,1803,2118,1968,1847,2071,2080,1729
1869,1920,1940,1998,2500,2483,2481,2496,1743,1886,2112,1943,1895,1984,1855,1974,1733
1871,1870,1984,1959,2505,2496,2464,2495,2088,1887,1839,2252,1899,1929,1968,1861,1737
2031,2015,1883,1869,2507,2498,2487,2491,1911,1759,2068,1889,1851,2080,1848,1843,1741
1966,2006,2027,1996,2481,2501,2488,2496,1819,2232,2012,1715,2092,1895,1889,2224,1745
1911,1951,2044,2031,2499,2496,2471,2499,2096,1823,2038,2004,1735,2083,1961,1855,1749
1922,1921,1951,2088,2476,2499,2482,2480,1819,2216,1968,1861,2144,1855,1951,2136,1753
1891,1952,1987,2079,2480,2491,2487,2488,1760,1993,2216,1838,2041,1920,1871,2063,1757
1888,1889,2004,2034,2493,2499,2467,2493,2112,1980,1733,2183,1984,1851,2056,1921,1761
1901,1913,1950,2083,2480,2494,2485,2479,1649,2115,2049,1795,2106,1875,1839,2196,1765
1888,1867,1952,1947,2517,2496,2465,2495,2088,1850,1845,2204,1838,1981,1988,1809,1769
1856,1903,2002,2032,2499,2496,2467,2499,2104,1835,1959,2242,1801,1965,2000,1879,1773
1908,1914,1950,2090,2480,2491,2483,2480,1691,2130,2036,1871,2120,1870,1945,2172,1777
1863,1951,1971,2017,2503,2483,2475,2499,1888,1796,2292,1971,1678,2052,1899,1871,1781
1881,1950,2076,2027,2495,2496,2470,2503,2144,1963,1899,2064,1811,1977,2032,1919,1785
1911,1903,1943,2055,2480,2495,2482,2478,1673,2132,2025,1875,2168,1891,1917,2120,1789
2080,1931,1871,1928,2489,2519,2488,2471,1935,2072,1735,1971,2136,1863,2035,2048,1793
1984,1859,1891,1976,2503,2503,2472,2479,1903,2064,1815,1985,2152,1839,2003,2112,1797
1859,1900,1926,1963,2512,2481,2481,2488,1801,1751,2162,2012,1925,1984,1859,1919,1801
1867,1885,1944,1955,2511,2481,2471,2495,1968,1750,1951,2208,1743,2059,1941,1717,1805
1904,1868,1941,2016,2491,2499,2480,2479,1785,2096,1807,1959,2232,1831,1999,2144,1809
2048,1927,1930,1891,2508,2520,2469,2489,2168,1807,1795,2180,1885,2007,2008,1835,1813
2048,1879,1902,1952,2507,2511,2464,2483,1993,1991,1702,2067,2144,1838,2015,1952,1817
1951,1872,1893,1983,2499,2495,2483,2476,1681,1985,1920,1791,2217,1892,1819,2092,1821
1918,1892,1899,1943,2516,2485,2479,2488,1767,1723,2144,1933,1915,2016,1868,1903,1825
2076,1891,1877,1952,2494,2517,2472,2475,1955,2072,1763,1955,2200,1894,1981,2000,1829
1945,1872,1900,1990,2499,2495,2481,2476,1641,2057,1966,1881,2166,1910,1830,2148,1833
1949,1903,1912,1923,2522,2508,2465,2493,1972,1639,2063,2144,1823,2062,1903,1707,1837
1870,1861,1969,1975,2507,2496,2463,2493,2112,1875,1830,2240,1974,1903,2044,1871,1841
1920,1948,2075,2022,2491,2502,2468,2503,2108,2064,1867,2158,1953,1855,2088,1954,1845
1992,1999,2033,1988,2483,2503,2488,2496,1909,2224,1729,1935,2112,1849,2123,2219,1849
2014,2080,1965,1899,2496,2499,2503,2488,1891,2091,2008,1702,2028,1996,1871,2115,1853
2041,2004,1884,1880,2504,2509,2487,2488,1909,1791,2136,1830,1878,2064,1884,1871,1857
2069,1966,1919,1888,2505,2520,2469,2489,2148,1791,1724,2096,1942,2015,2000,1806,1861
2110,2004,1871,1945,2487,2518,2492,2471,1857,2158,1823,1756,2172,1942,1894,2144,1865
2047,1960,1882,1895,2504,2503,2483,2484,1897,1799,2120,1823,1899,2036,1827,1939,1869
2080,1935,1919,1907,2499,2523,2467,2483,2199,1976,1699,2047,2029,1879,2028,1894,1873
2024,1889,1867,1966,2496,2511,2478,2473,1695,2148,1867,1884,2272,1861,1959,2084,1877
1935,2006,2086,1939,2497,2504,2470,2503,2194,2115,1810,2112,1823,1942,2096,1987,1881
2024,2067,1971,1928,2487,2509,2496,2487,2021,2148,1749,1851,2124,1883,2095,2112,1885
2043,2048,1903,1895,2496,2503,2497,2480,1871,2083,1945,1743,2069,1976,1859,2119,1889
2005,2045,1980,1875,2499,2508,2480,2493,2288,1933,1641,2064,1993,1931,2082,1854,1893
2082,1919,1899,1920,2502,2519,2467,2483,2087,1984,1716,2011,2064,1883,2047,2032,1897
2067,1888,1859,1959,2497,2507,2479,2472,1711,2052,2034,1751,2198,1920,1855,2130,1901
1923,1908,1897,1913,2524,2496,2477,2492,1867,1787,2144,1945,1925,1988,1822,1835,1905
1874,1895,1952,1964,2515,2488,2467,2495,1988,1795,1987,2180,1845,2067,1944,1699,1909
1887,1975,2080,1995,2503,2496,2475,2507,2144,1839,2087,2080,1763,2055,1960,1855,1913
1974,1968,2033,2054,2479,2497,2487,2483,1783,2176,1878,1843,2096,1843,2037,2224,1917
1939,2064,2025,1931,2496,2493,2491,2496,1912,2025,2212,1771,1767,1984,1933,2111,1921
1957,2071,2040,1909,2499,2500,2475,2507,2192,1749,1985,1940,1695,2095,1985,1790,1925
1988,2017,2031,1956,2483,2506,2484,2491,2033,2180,1723,1883,2024,1871,2039,2208,1929
2031,2072,1974,1911,2496,2493,2497,2496,1861,2091,1984,1715,2063,1977,1891,2121,1933
1979,1875,1875,1987,2503,2499,2479,2474,1705,2055,2000,1797,2208,1861,1837,2114,1937
1878,1908,1925,1971,2500,2483,2483,2496,1751,1819,2216,1965,1965,1972,1862,1923,1941
1862,1867,1968,1956,2511,2496,2464,2495,2060,1839,1693,2212,1967,1955,1992,1779,1945
1951,1864,1895,1993,2499,2495,2481,2473,1718,2108,1993,1799,2252,1879,1881,2088,1949
1895,1908,1911,1942,2517,2481,2476,2494,1922,1713,2170,2072,1823,2056,1899,1778,1953
1849,1927,1992,2038,2499,2496,2475,2499,2008,1755,2069,2192,1773,2047,1984,1755,1957
2015,2067,1952,1863,2507,2496,2487,2499,2160,1722,2078,2000,1718,2151,1935,1791,1961
1951,1984,2023,2033,2483,2495,2489,2496,1755,2204,2048,1741,2047,1920,1879,2244,1965
1876,1925,2040,2048,2495,2496,2471,2499,2132,1889,1975,2200,1763,2031,1992,1877,1969
1902,1967,2096,1976,2495,2504,2471,2515,2168,1987,1791,2096,1879,1951,2064,2005,1973
1934,1941,1991,2087,2482,2491,2487,2484,1747,2214,2136,1754,2118,1903,1901,2224,1977
1882,1863,1967,1956,2507,2503,2464,2487,2044,1884,1731,2264,1997,1879,2040,1828,1981
1959,1896,1891,1955,2512,2495,2482,2480,1695,1957,2072,1843,2119,1923,1831,2009,1985
1903,1883,1940,1925,2527,2504,2463,2493,2048,1741,1955,2118,1838,2047,1948,1675,1989
2105,1923,1857,1947,2496,2519,2487,2472,1741,2120,1871,1810,2312,1904,1879,2016,1993
1974,1920,1891,1925,2520,2492,2479,2488,1899,1756,2176,1895,2007,1984,1818,1863,1997
1868,1946,1975,2035,2488,2485,2485,2496,1771,1775,2248,1949,1859,1984,1845,1959,2001
1856,1891,2006,2030,2499,2496,2463,2495,2104,1928,1734,2248,1942,1911,2024,1867,2005
1903,1874,1907,1975,2504,2491,2483,2480,1705,2035,1971,1859,2182,1894,1822,2070,2009
2052,1891,1919,1923,2511,2518,2460,2487,2160,1952,1727,2106,2079,1923,2044,1834,2013
2079,2056,1898,1879,2496,2493,2495,2488,1905,1875,1988,1699,2003,2024,1807,2007,2017
1965,1904,1884,1927,2524,2489,2477,2488,1779,1783,2144,1915,1925,2000,1837,1837,2021
1846,1968,1979,2031,2496,2480,2483,2496,1849,1783,2320,2011,1735,2000,1877,1866,2025
1896,1903,1991,2056,2487,2501,2468,2491,2039,2018,1851,2123,2069,1830,2102,2027,2029
1972,2035,2023,1920,2495,2509,2483,2497,2263,2078,1695,2039,1997,1871,2174,2062,2033
1933,2028,2039,1967,2496,2491,2491,2504,1874,2033,2104,1790,1976,1961,1881,2069,2037
1944,1854,1907,1984,2499,2501,2472,2479,1783,2120,1789,1951,2176,1823,1973,2064,2041
2059,1989,1912,1881,2508,2520,2477,2491,2144,1763,1846,2080,1838,2115,1984,1727,2045
1983,2064,2023,1955,2496,2491,2491,2504,1827,2107,1988,1675,2021,1952,1879,2218,2049
1931,2029,2068,1919,2503,2496,2475,2511,2208,1950,1907,2064,1715,2055,2016,1831,2053
1946,1959,2012,2057,2480,2499,2487,2483,1786,2240,2057,1761,2060,1907,1907,2272,2057
1871,1930,1996,2039,2499,2496,2467,2499,2032,1795,2119,2080,1686,2063,1920,1769,2061
1915,1880,1931,2054,2486,2497,2480,2478,1737,2168,1951,1891,2120,1868,1915,2176,2065
1863,1914,1938,1943,2515,2481,2475,2495,1939,1673,2134,2092,1751,2071,1898,1667,2069
1940,1857,1926,1968,2506,2501,2464,2486,1987,2008,1655,2115,2128,1815,2074,2000,2073
1907,1876,1919,1999,2497,2492,2483,2480,1662,2119,1938,1847,2162,1852,1899,2128,2077
1839,1935,1951,2011,2502,2480,2479,2496,1823,1805,2216,2079,1867,2004,1887,1836,2081
2032,1882,1865,1964,2491,2511,2478,2473,1847,2056,1733,1951,2216,1835,1995,2032,2085
2023,1896,1875,1955,2504,2503,2479,2480,1749,1955,2160,1791,2063,1968,1818,2073,2089
2024,2049,1976,1924,2487,2507,2496,2490,2159,2065,1725,2015,2036,1893,2135,2061,2093
1865,1967,2040,2031,2499,2496,2475,2503,2120,1811,2113,2064,1759,2070,1972,1851,2097
1907,1904,1905,1959,2516,2491,2479,2488,1713,1915,2048,1827,2097,1944,1782,1949,2101
2064,1905,1907,1904,2499,2527,2472,2481,2124,1984,1700,2090,2097,1913,2016,1821,2105
2080,1899,1868,1948,2490,2519,2480,2473,1950,2056,1755,1981,2208,1867,2055,2016,2109
2039,2006,1928,1878,2507,2508,2479,2491,2160,1760,1951,2048,1782,2123,1920,1671,2113
2035,1914,1910,1908,2507,2514,2465,2491,2120,1826,1722,2152,1967,2019,2000,1715,2117
1948,1859,1913,1992,2499,2502,2472,2479,1782,2060,1777,1949,2216,1829,1991,2084,2121
1975,1913,1888,1917,2525,2489,2475,2492,1852,1719,2108,1995,1871,2036,1867,1751,2125
2104,1971,1875,1920,2491,2527,2480,2477,1991,2064,1777,1891,2144,1891,2043,2020,2129
2064,1894,1871,1964,2492,2515,2476,2475,1787,2088,1799,1831,2208,1889,1959,2056,2133
2007,1916,1878,1913,2512,2499,2479,2488,1862,1739,2116,1785,1903,2008,1815,1857,2137
2053,1901,1922,1895,2503,2514,2463,2489,2220,1849,1644,2078,1979,1951,2028,1804,2141
2079,1917,1855,1951,2493,2513,2476,2471,1797,2106,1863,1805,2200,1899,1901,2104,2145
2024,2035,1979,1872,2499,2510,2477,2489,2224,2007,1678,2098,1915,1947,2096,1912,2149
2075,2060,1915,1927,2486,2499,2503,2482,1830,2110,1891,1731,2140,1913,1903,2132,2153
1963,2077,1944,1871,2507,2496,2491,2499,2200,1767,2053,1953,1727,2140,1970,1725,2157
1901,1939,1955,2099,2478,2493,2486,2481,1727,2126,2088,1803,2086,1888,1905,2152,2161
1875,1963,1974,2031,2499,2483,2478,2499,1942,1767,2220,1960,1691,2040,1909,1867,2165
1920,1879,1919,1996,2496,2495,2476,2475,1871,2176,1889,2031,2120,1818,2039,2048,2169
2003,1919,1920,1905,2511,2504,2467,2494,2085,1650,1966,2082,1841,2083,1956,1689,2173
2096,2003,1881,1919,2488,2503,2495,2475,1869,2200,1907,1807,2204,1951,1967,2088,2177
1940,2046,2046,1895,2503,2504,2479,2507,2256,1939,1827,2112,1825,2013,2064,1829,2181
2026,2041,1968,1875,2503,2508,2477,2491,2242,1881,1775,2112,1871,2035,2068,1803,2185
1930,2072,2019,1911,2500,2489,2491,2504,2031,1807,2224,1822,1781,2034,1959,1991,2189
1968,2047,2072,1936,2499,2505,2471,2505,2288,1957,1854,2082,1807,1999,2096,1917,2193
2016,2043,1977,1879,2499,2508,2477,2491,2304,1866,1749,2112,1889,1919,2080,1889,2197
1991,2096,1935,1886,2496,2496,2499,2496,1859,1955,2064,1777,1903,1993,1871,2061,2201
1952,1954,2047,2056,2485,2503,2480,2487,2054,2127,1835,2067,1985,1859,2121,2120,2205
1996,2003,2043,1984,2485,2503,2480,2496,1918,2224,1933,1807,2064,1838,2085,2228,2209
1853,1919,2000,2028,2499,2496,2470,2497,2048,1799,2039,2048,1743,2073,1955,1771,2213
1935,1880,1895,1951,2520,2497,2479,2480,1695,1997,2029,1823,2201,1897,1791,2084,2217
2046,2048,1937,1904,2489,2511,2496,2481,2027,2104,1711,1859,2164,1891,2083,2056,2221
1943,2045,2064,1947,2502,2496,2479,2515,2048,1837,2175,1884,1733,2072,1980,1823,2225
1941,2043,2080,1910,2503,2496,2475,2509,2204,1856,1875,2068,1809,2011,2016,1909,2229
1911,1952,1999,2063,2488,2487,2487,2496,1743,2175,2224,1723,1975,1931,1880,2195,2233
1872,1871,1984,1987,2503,2499,2463,2491,2076,1937,1745,2222,1976,1867,2028,1879,2237
2027,1959,1880,1893,2510,2499,2479,2490,1927,1657,2148,1951,1855,2058,1871,1743,2241
2060,2061,1950,1924,2483,2503,2502,2483,2023,2132,1746,1899,2080,1919,2058,2096,2245
1903,1943,2064,2039,2495,2498,2468,2497,2196,1917,2012,2084,1733,2055,2001,1929,2249
1863,1912,1923,1971,2508,2481,2481,2492,1737,1990,2136,1879,2047,1952,1835,2035,2253
1857,1954,1969,2047,2496,2486,2485,2496,1831,1859,2320,1894,1863,1984,1856,1951,2257
1904,1863,1935,1992,2502,2503,2472,2479,2041,1996,1739,2159,2112,1821,2088,1978,2261
2031,1945,1880,1895,2511,2496,2475,2491,1962,1679,2116,1993,1801,2082,1881,1728,2265
2050,2048,1903,1916,2488,2511,2488,2475,1971,2156,1856,1806,2128,1907,2035,2144,2269
1939,2067,2052,1926,2503,2496,2479,2511,2074,1798,2085,1907,1713,2079,1975,1783,2273
1942,1934,1999,2086,2477,2495,2486,2481,1725,2140,2093,1747,2118,1875,1907,2214,2277
1999,2057,1987,1939,2496,2497,2494,2496,1871,2226,1926,1703,2152,1937,1966,2192,2281
1884,1935,2033,2058,2491,2502,2468,2491,2136,1969,1837,2184,1859,1910,2032,1953,2285
1883,1915,1932,1955,2515,2479,2475,2494,1861,1730,2098,2037,1815,2012,1886,1781,2289
1855,1938,1964,2015,2501,2480,2477,2498,1956,1751,2214,2107,1698,2078,1907,1767,2293
1908,1874,1943,2016,2497,2499,2472,2483,1997,2064,1843,2015,2089,1807,2035,2032,2297
1911,1908,1903,1942,2516,2485,2479,2488,1747,1735,2096,1980,1915,1986,1869,1790,2301
2032,1871,1919,1922,2509,2515,2464,2485,2074,1937,1703,2143,2112,1875,2022,1935,2305
2067,1940,1871,1913,2496,2507,2483,2480,1763,1951,1968,1753,2035,1992,1797,2029,2309
2049,1962,1916,1883,2509,2520,2471,2491,2224,1795,1791,2148,1862,2071,1984,1741,2313
2083,2048,1917,1925,2486,2503,2495,2475,1823,2150,1882,1707,2108,1969,1913,2116,2317
1969,2085,1992,1875,2503,2496,2495,2502,2176,1785,1958,1952,1695,2127,2032,1807,2321
2000,2033,2015,1976,2483,2503,2488,2490,1987,2224,1853,1871,2080,1839,2133,2124,2325
1925,2030,2048,1939,2500,2486,2483,2510,1907,1829,2222,1873,1703,2072,1941,1999,2329
1920,1941,2083,2023,2491,2503,2470,2499,2124,2144,1761,2063,1961,1849,2096,2129,2333
1891,1968,1971,2043,2496,2483,2487,2496,1779,1947,2252,1799,1939,1968,1827,2099,2337
1920,1850,1963,1984,2503,2499,2465,2487,2017,2058,1731,2113,2096,1823,2082,1968,2341
1929,1896,1899,1947,2516,2493,2479,2488,1747,1943,2128,1886,2071,1930,1850,2028,2345
2048,1913,1919,1910,2503,2519,2464,2483,2166,1886,1718,2060,2055,1923,2022,1913,2349
1889,1855,1958,1958,2511,2499,2463,2491,2111,1922,1767,2232,2001,1889,2044,1829,2353
2011,1892,1874,1957,2512,2499,2479,2480,1717,1943,2113,1785,2073,1922,1823,2047,2357
1871,1903,1944,1959,2517,2484,2471,2497,2048,1837,1999,2182,1885,2047,1944,1693,2361
2000,1885,1891,1984,2499,2505,2476,2477,1799,2096,1806,1889,2248,1823,1939,2096,2365
1951,1918,1882,1901,2511,2498,2471,2493,1873,1703,2152,1975,1889,2040,1855,1754,2369
2076,2048,1917,1916,2486,2503,2503,2481,1951,2152,1793,1813,2168,1919,2007,2120,2373
2111,1963,1855,1942,2488,2521,2487,2472,1811,2140,1906,1711,2184,1964,1857,2056,2377
2028,2069,1936,1859,2507,2496,2486,2493,2147,1791,1955,1974,1713,2126,2016,1750,2381
2008,2048,1941,1912,2491,2507,2496,2483,1961,2176,1763,1874,2072,1881,2095,2113,2385
1975,2092,1947,1883,2496,2493,2502,2496,1947,1886,2168,1793,1910,2032,1891,2067,2389
1965,2047,2062,1927,2494,2507,2471,2501,2274,1976,1804,2052,1894,2007,2080,1946,2393
1850,1953,1984,2029,2496,2480,2483,2498,1893,1801,2280,1989,1719,2008,1879,1887,2397
1971,1859,1891,1990,2500,2503,2476,2476,1761,2068,1863,1863,2184,1857,1939,2064,2401
2048,1955,1904,1889,2511,2512,2473,2493,2050,1773,1905,2080,1827,2109,1954,1723,2405
2104,2011,1879,1928,2488,2521,2484,2475,1887,2056,1798,1791,2176,1905,2011,2084,2409
1973,2083,1952,1855,2505,2488,2493,2495,2057,1763,2084,1908,1685,2116,1984,1767,2413
1992,2047,1985,1904,2495,2511,2486,2491,2139,2113,1718,2007,2051,1877,2148,2022,2417
1977,2084,2019,1939,2496,2489,2491,2504,1911,2091,2048,1679,1989,1985,1914,2169,2421
2055,2028,1879,1895,2496,2510,2495,2480,1899,1971,2000,1747,1971,2017,1879,2023,2425
2004,2047,1980,1871,2505,2504,2479,2495,2276,1853,1817,2100,1837,2066,2048,1813,2429
2046,2067,1943,1938,2483,2505,2502,2480,1859,2164,1788,1733,2180,1885,1991,2188,2433
1931,2043,2040,1927,2503,2496,2481,2509,2072,1842,2127,2000,1671,2094,1999,1839,2437
2048,2023,1940,1888,2501,2511,2475,2487,2244,2030,1713,2118,1986,1969,2056,1961,2441
1895,2004,2048,1959,2500,2485,2483,2514,1961,1891,2224,1885,1695,2056,1939,1979,2445
2023,2064,1905,1875,2500,2496,2495,2484,1989,1773,2128,1799,1942,2056,1877,1917,2449
1968,2051,2038,1920,2492,2507,2480,2499,2158,2176,1737,2023,2059,1873,2134,2081,2453
1871,1961,2000,2031,2499,2481,2477,2499,1908,1752,2154,2034,1717,2072,1934,1823,2457
1919,1871,1918,2008,2492,2495,2480,2476,1702,2172,1957,1884,2152,1851,1905,2112,2461
2009,1899,1912,1907,2511,2512,2463,2494,2024,1689,1887,2080,1907,2075,1960,1767,2465
2047,2080,1903,1914,2496,2502,2495,2480,1789,2061,1960,1681,2091,1984,1871,2104,2469
1945,2009,2097,1949,2493,2503,2471,2509,2214,2030,1731,2096,1807,1987,2072,1929,2473
1984,2019,2047,1936,2489,2507,2480,2497,2087,2176,1799,1927,2018,1843,2127,2118,2477
1855,1930,1992,2023,2499,2496,2475,2499,2048,1786,2093,2144,1751,2062,1961,1779,2481
1939,1880,1885,1969,2504,2499,2481,2480,1689,2052,2036,1827,2214,1858,1869,2140,2485
2068,1982,1919,1888,2499,2511,2480,2483,2218,1909,1607,2120,1985,1971,2000,1859,2489
1939,2071,2049,1916,2499,2484,2483,2515,2048,1887,2164,1773,1781,2046,1950,1931,2493
1918,1911,1945,2086,2477,2495,2484,2480,1787,2178,1959,1817,2192,1878,1885,2224,2497
1907,1952,1961,2047,2496,2486,2487,2496,1735,2085,2157,1741,1991,1926,1849,2145,2501
1952,1855,1919,1960,2509,2503,2464,2485,2053,1973,1742,2109,2101,1831,2062,1958,2505
2047,1998,1874,1877,2509,2502,2479,2492,2028,1679,2084,1980,1769,2112,1910,1735,2509
2036,2048,1939,1912,2487,2509,2496,2483,1999,2176,1803,1847,2096,1886,2095,2136,2513
1899,1975,2072,1993,2499,2496,2475,2511,2096,1829,2119,2060,1687,2079,1968,1897,2517
1999,2059,1972,1871,2503,2504,2483,2497,2216,1811,1911,2112,1767,2099,2032,1742,2521
1975,1992,2045,1999,2496,2487,2489,2496,1817,2191,2069,1695,1998,1912,1899,2228,2525
1863,1895,2015,2054,2492,2502,2467,2494,2158,1971,1843,2202,1863,1870,2064,1984,2529
1871,1920,1919,1983,2504,2483,2483,2488,1723,1867,2112,1923,2021,1953,1847,1980,2533
1862,1960,1955,2039,2496,2483,2483,2496,1857,1821,2240,1951,1847,2020,1875,1926,2537
1960,1855,1919,1968,2503,2502,2468,2483,1951,2081,1728,2079,2208,1799,2047,1998,2541
2011,1951,1876,1903,2510,2499,2475,2492,1896,1741,2148,1945,1850,2072,1863,1819,2545
2080,2041,1919,1918,2487,2507,2496,2479,1993,2112,1675,1875,2152,1899,2103,2036,2549
1923,1971,2088,1980,2501,2496,2471,2515,2160,1932,2035,2092,1803,2059,2004,1891,2553
1891,1920,1943,2013,2496,2483,2483,2496,1730,2009,2186,1795,2035,1929,1821,2071,2557
1863,1909,1961,1978,2503,2481,2475,2495,1911,1772,2083,2149,1788,2068,1910,1699,2561
2045,1897,1871,1962,2496,2511,2479,2473,1761,2046,1844,1804,2220,1875,1843,2124,2565
2030,2031,1958,1873,2503,2510,2477,2493,2256,1853,1839,2120,1801,2067,1992,1743,2569
1943,2016,2040,1993,2496,2483,2487,2504,1857,2047,2144,1721,1895,1996,1895,2079,2573
1904,1899,1991,2064,2487,2499,2472,2487,2007,2028,1866,2151,1958,1851,2112,2048,2577
1857,1924,1945,2013,2500,2483,2483,2496,1806,1863,2176,1971,1923,1972,1837,1950,2581
1884,1871,1959,1962,2510,2498,2461,2491,2040,1991,1723,2298,2032,1886,2062,1921,2585
2051,1976,1871,1884,2510,2508,2481,2491,1871,1747,2120,1893,1879,2044,1855,1820,2589
2043,1923,1904,1897,2510,2504,2471,2493,2037,1711,2013,2048,1855,2099,1928,1657,2593
2079,2048,1905,1926,2486,2503,2499,2480,1841,2100,1819,1727,2180,1956,1939,2184,2597
2059,1928,1865,1939,2497,2507,2479,2480,1703,1969,2034,1755,2085,1960,1771,1999,2601
2034,2043,1995,1896,2495,2509,2496,2493,2243,1970,1694,2084,2007,1930,2096,1917,2605
1895,1991,2048,1998,2499,2484,2479,2503,1937,1813,2195,1939,1727,2072,1927,1841,2609
1892,1895,1951,2060,2485,2495,2480,2479,1855,2146,1935,2031,2100,1837,2037,2088,2613
1878,1899,1936,1947,2517,2481,2471,2495,1921,1722,1993,2148,1735,2061,1909,1719,2617
2090,1920,1849,1945,2496,2515,2486,2471,1743,2040,1874,1817,2208,1907,1931,2120,2621
2039,1928,1875,1916,2500,2503,2483,2484,1747,1933,1986,1779,2115,1941,1773,2087,2625
2048,2025,1947,1891,2497,2511,2478,2485,2227,2028,1723,2038,2003,1895,2070,1968,2629
1939,2084,2012,1911,2500,2489,2490,2500,1929,1967,2164,1769,1863,2016,1943,2035,2633
1936,1929,2015,2064,2487,2503,2480,2489,1995,2160,1879,2023,2037,1847,2055,2136,2637
1869,1907,1936,1945,2515,2496,2471,2495,1952,1695,2118,2092,1803,2079,1871,1743,2641
2086,2018,1876,1895,2496,2499,2495,2480,1799,2015,1952,1727,2091,2000,1839,2139,2645
2035,1999,1878,1871,2508,2503,2483,2490,1927,1756,2016,1859,1843,2052,1835,1815,2649
2008,2055,1958,1936,2489,2507,2496,2485,2019,2184,1811,1835,2104,1893,2071,2128,2653
1909,1975,2064,1989,2502,2496,2476,2511,2073,1823,2111,1960,1654,2097,1984,1863,2657
1915,1920,1937,2063,2480,2493,2485,2479,1703,2119,2060,1841,2114,1884,1839,2132,2661
1878,1871,1940,1948,2515,2504,2461,2491,2112,1821,1907,2224,1883,2042,1952,1750,2665
2033,2044,1886,1875,2500,2503,2491,2484,1919,1847,2064,1819,1886,2024,1823,1911,2669
2033,1954,1866,1885,2510,2498,2479,2488,1948,1703,2024,1933,1821,2084,1875,1797,2673
2046,2048,1951,1908,2489,2510,2496,2482,2071,2152,1836,1799,2148,1862,2046,2200,2677
1967,2093,1946,1879,2507,2496,2493,2499,2112,1735,2100,1939,1703,2108,1949,1781,2681
2059,1987,1881,1869,2511,2504,2479,2491,2080,1721,2024,2001,1749,2110,1883,1687,2685
2039,2056,1971,1951,2484,2501,2491,2486,1971,2152,1823,1719,2172,1922,2039,2194,2689
1891,1935,2058,2050,2494,2500,2466,2499,2154,2025,1827,2184,1904,1935,2032,1939,2693
1901,1910,1949,2079,2480,2493,2487,2480,1719,2135,2028,1836,2120,1917,1843,2164,2697
1861,1927,1976,2013,2502,2496,2475,2497,1996,1713,2073,2176,1785,2047,1933,1753,2701
1920,1881,1933,2008,2491,2497,2476,2481,1763,2168,1811,1975,2176,1820,1955,2096,2705
1865,1896,1927,1979,2512,2481,2481,2496,1773,1791,2144,1965,1907,1976,1849,1899,2709
1920,1863,1942,1944,2515,2511,2464,2485,2074,1920,1786,2260,1999,1911,2016,1862,2713
2047,1928,1875,1924,2504,2503,2481,2480,1737,1927,2008,1783,2087,1953,1799,1933,2717
2048,1935,1916,1896,2509,2520,2466,2487,2244,1871,1782,2156,1903,1995,2000,1798,2721
2111,1984,1868,1928,2488,2523,2488,2471,1847,2148,1863,1760,2160,1959,1891,2152,2725
2041,2019,1888,1863,2508,2506,2483,2488,1977,1694,2044,1925,1787,2086,1898,1739,2729
2048,2003,1926,1888,2499,2511,2480,2483,2236,2037,1671,2019,2027,1916,2112,2016,2733
2005,2104,1975,1893,2500,2489,2497,2504,1987,1934,1988,1713,1915,2016,1875,2071,2737
1944,1977,2079,2008,2491,2503,2472,2499,2147,2152,1731,2064,1975,1877,2136,2035,2741
1903,1964,1987,2033,2496,2483,2487,2496,1862,1943,2240,1713,1919,1972,1839,2047,2745
1939,2048,2022,1939,2496,2493,2489,2496,1889,1974,2164,1742,1847,1992,1889,2091,2749
1955,2045,2048,1914,2503,2496,2478,2507,2208,1950,1951,2116,1743,2047,2058,1867,2753
1907,1944,1999,2063,2480,2493,2487,2484,1698,2063,2072,1771,2063,1948,1841,2164,2757
1918,1997,2068,1975,2499,2496,2479,2517,2081,1886,2015,2058,1661,2085,1984,1871,2761
1944,1980,2071,1988,2487,2503,2480,2499,2111,2035,1789,2066,1958,1887,2136,2083,2765
1919,1996,2022,2023,2496,2489,2489,2496,1783,1971,2256,1773,1835,1968,1863,2039,2769
1957,2095,1999,1879,2502,2488,2495,2500,2013,1752,2096,1850,1757,2060,1974,1859,2773
1985,2065,1992,1889,2503,2504,2485,2495,2274,1989,1763,2044,1867,2075,2064,1853,2777
1996,2051,2017,1950,2482,2499,2491,2488,1838,2195,2035,1679,2092,1912,1915,2206,2781
1894,1939,2062,2032,2495,2500,2467,2495,2128,1888,1897,2132,1821,2019,2016,1910,2785
1871,1918,1935,1966,2512,2480,2479,2492,1707,1907,2184,1931,1955,1952,1807,1975,2789
1845,1919,1952,1965,2511,2484,2471,2495,1866,1728,2146,2021,1787,2050,1888,1737,2793
2026,1871,1893,1972,2503,2507,2476,2475,1833,2144,1881,1843,2272,1841,1981,2096,2797
2017,1943,1888,1901,2511,2498,2475,2492,1978,1641,2026,1979,1791,2079,1848,1737,2801
2080,1969,1895,1908,2491,2515,2488,2477,2047,2032,1735,2085,2136,1849,2087,1945,2805
1966,2105,1984,1871,2503,2489,2499,2498,2065,1783,2088,1904,1713,2112,1963,1821,2809
1984,1999,2058,1988,2483,2503,2480,2499,2077,2176,1729,1991,2016,1852,2157,2112,2813
1885,1988,2032,2015,2496,2484,2487,2502,1939,1819,2316,1914,1711,2024,1913,1891,2817
1888,1919,2023,2054,2491,2503,2468,2491,2091,2124,1836,2151,1984,1835,2066,2064,2821
1875,1940,1947,2027,2496,2483,2483,2488,1775,1937,2274,1851,1911,1960,1859,1974,2825
1860,1863,1984,1967,2503,2498,2463,2493,2072,1877,1787,2216,2001,1881,2044,1900,2829
1859,1900,2005,2037,2491,2499,2465,2491,2116,1999,1817,2183,1984,1863,2086,1957,2833
1895,1912,1943,2031,2496,2489,2483,2480,1713,1951,2195,1882,2059,1920,1829,2117,2837
1955,2032,2036,1951,2496,2486,2485,2512,1877,2033,2144,1743,1891,1984,1901,2119,2841
1920,1893,1951,2056,2484,2497,2480,2479,1881,2056,1843,2103,2084,1813,2063,2048,2845
1918,1891,1936,1940,2518,2496,2471,2495,1940,1731,2039,2112,1830,2043,1911,1659,2849
1855,1891,1984,1984,2507,2496,2467,2499,2000,1762,2003,2177,1838,2035,1984,1775,2853
1944,1870,1911,1992,2497,2495,2478,2476,1676,2084,1923,1849,2216,1859,1945,2112,2857
1964,1907,1908,1913,2527,2496,2471,2495,1960,1722,1967,2090,1819,2103,1900,1667,2861
2056,1893,1891,1952,2505,2517,2468,2479,1943,2016,1707,1933,2184,1839,2029,2008,2865
2022,2077,1922,1857,2507,2496,2487,2491,2102,1683,2140,1953,1731,2124,1931,1779,2869
2020,2048,2003,1952,2483,2507,2488,2489,2079,2184,1791,1773,2088,1867,2059,2128,2873
1903,2011,2050,1959,2499,2486,2479,2515,2033,1787,2236,1962,1676,2070,1945,1783,2877
1887,1920,1941,2035,2488,2491,2483,2480,1779,2184,1968,1863,2216,1850,1914,2176,2881
1899,1871,1940,1932,2521,2508,2461,2491,2056,1767,1837,2184,1891,2009,1922,1741,2885
2095,1920,1863,1941,2496,2509,2483,2475,1738,1999,1936,1713,2162,1930,1827,2092,2889
1935,1878,1897,1987,2499,2495,2483,2480,1592,2074,1954,1891,2128,1873,1886,2092,2893
2004,1878,1918,1917,2515,2508,2463,2491,2112,1773,1821,2168,1973,2005,1984,1783,2897
2108,1936,1859,1943,2496,2517,2487,2471,1791,2084,1862,1750,2191,1957,1865,2152,2901
2049,2039,1912,1873,2507,2504,2481,2491,2128,1759,1995,2036,1719,2156,1942,1743,2905
2064,1979,1911,1897,2497,2525,2480,2479,2163,2016,1659,2031,2088,1895,2122,1944,2909
2028,2084,1929,1870,2500,2489,2503,2496,1935,1870,2016,1735,1967,2040,1885,2013,2913
1968,1987,2062,1984,2490,2507,2473,2501,2039,2208,1823,1987,2016,1849,2143,2102,2917
2056,1929,1897,1920,2499,2526,2480,2479,2159,1987,1681,2134,2054,1901,2044,1950,2921
1973,2107,1942,1871,2504,2489,2497,2498,2098,1737,2036,1916,1761,2060,1935,1847,2925
1972,2051,2035,1907,2493,2511,2480,2495,2151,2103,1763,2083,1989,1868,2132,2039,2929
1902,1992,2039,2003,2496,2485,2487,2504,1924,1883,2224,1868,1791,2004,1873,2013,2933
1910,1933,2062,2048,2493,2503,2467,2499,2118,2069,1835,2152,1911,1903,2072,1951,2937
1910,1952,1973,2071,2480,2493,2487,2482,1699,2043,2220,1791,2047,1910,1825,2124,2941
1839,1929,1992,2031,2499,2496,2471,2499,2080,1795,1935,2144,1789,2055,1952,1791,2945
1928,1874,1929,2032,2488,2497,2480,2478,1775,2092,1919,1870,2212,1840,1943,2136,2949
1902,1907,1925,1947,2515,2484,2471,2495,1914,1693,2135,2080,1817,2056,1904,1735,2953
2028,1874,1903,1952,2511,2511,2468,2479,1947,2052,1741,1895,2176,1841,2015,2032,2957
2039,2038,1904,1873,2511,2504,2483,2491,2120,1715,2077,1976,1782,2156,1921,1720,2961
2024,2059,1979,1936,2485,2507,2498,2485,1878,2156,1832,1731,2172,1891,2031,2160,2965
2108,1984,1881,1920,2491,2526,2480,2473,1900,2112,1843,1823,2160,1907,1993,2080,2969
1937,2047,2064,1903,2503,2496,2475,2507,2160,1843,1887,2024,1752,2063,2056,1867,2973
1996,2003,2027,1976,2485,2507,2484,2493,1935,2248,1901,1843,2080,1877,2045,2192,2977
1891,1987,2024,2029,2497,2496,2475,2503,1947,1823,2264,1966,1707,2062,1907,1823,2981
1919,1896,1891,1983,2500,2491,2481,2480,1711,2044,2008,1815,2135,1920,1833,2022,2985
2068,1943,1903,1905,2499,2525,2472,2483,2147,2024,1631,2059,2056,1871,2046,1891,2989
1985,2104,1923,1863,2500,2493,2495,2496,2027,1781,2000,1875,1772,2056,1919,1907,2993
1971,2035,2054,1912,2493,2507,2472,2499,2254,2086,1721,2058,1896,1890,2140,2060,2997
2009,1878,1918,1920,2519,2514,2460,2489,2076,1806,1769,2144,1959,1947,1984,1791,3001
2103,1944,1859,1927,2496,2511,2483,2473,1753,2075,1859,1741,2143,1965,1802,2078,3005
2039,2023,1928,1882,2505,2504,2479,2495,2145,1719,1945,2016,1770,2107,1924,1689,3009
1995,2048,2005,1939,2486,2501,2493,2487,1815,2159,1968,1685,2107,1945,1919,2174,3013
1903,1978,2076,1999,2499,2496,2471,2511,2096,1965,1951,2080,1829,1991,1984,1903,3017
1965,2063,2016,1889,2503,2504,2487,2503,2300,1955,1753,2096,1783,2047,2072,1851,3021
1990,2028,2014,1950,2482,2503,2488,2488,1857,2208,1861,1709,2126,1880,1983,2232,3025
1887,1965,2064,2011,2499,2496,2475,2503,2064,1906,2139,2032,1707,2079,1984,1823,3029
1915,1904,1919,2013,2496,2491,2483,2480,1683,2023,2020,1886,2139,1920,1847,2111,3033
1920,1863,1948,1939,2519,2496,2463,2494,2072,1766,1927,2248,1955,2003,1988,1733,3037
2019,2046,1983,1880,2495,2509,2481,2489,2284,1937,1699,2062,1986,1923,2119,1978,3041
1971,2041,2007,1905,2495,2511,2484,2495,2238,1994,1743,2060,1950,1876,2148,2061,3045
1967,2040,2019,1942,2496,2492,2493,2496,1893,2031,2084,1751,1955,1962,1868,2111,3049
1904,1903,1995,2065,2487,2501,2472,2491,2115,2080,1827,2155,1985,1841,2102,2051,3053
1936,1933,2041,2072,2485,2503,2480,2487,1895,2192,1871,1964,2112,1830,2059,2184,3057
1831,1951,1971,2021,2503,2482,2475,2498,1976,1743,2170,2094,1754,2064,1915,1787,3061
1920,1875,1933,2000,2496,2499,2472,2483,1867,2080,1775,2063,2176,1823,2039,2064,3065
1963,1915,1888,1927,2525,2489,2474,2492,1932,1684,1990,1974,1820,2070,1875,1735,3069
2072,1910,1894,1928,2499,2519,2472,2481,1999,2032,1743,1991,2144,1879,2085,1968,3073
2007,2095,1955,1871,2507,2496,2495,2503,2008,1769,2056,1856,1753,2116,1931,1773,3077
2015,1929,1904,1903,2515,2504,2471,2493,1732,1683,1927,2064,1843,2103,1903,1654,3081
2023,2081,1955,1910,2496,2495,2503,2496,1819,2179,1987,1739,2076,1984,1907,2184,3085
1926,1963,2096,1987,2495,2503,2470,2511,2184,2050,1717,2104,1912,1919,2092,2062,3089
1891,1954,1971,2058,2496,2486,2487,2496,1739,1951,2244,1903,1867,1968,1861,1999,3093
1856,1894,1996,2039,2495,2496,2465,2499,2088,1897,1827,2232,1857,1925,2008,1841,3097
1899,1888,1913,1996,2496,2491,2483,2480,1646,2140,2048,1834,2158,1907,1827,2072,3101
1923,1930,1951,2075,2480,2493,2487,2482,1699,2110,2165,1795,2073,1899,1849,2160,3105
1904,1862,1915,1968,2503,2507,2472,2478,1889,2056,1743,2137,2120,1807,2091,2012,3109
1935,1896,1888,1951,2516,2491,2479,2488,1742,1913,2112,1869,2039,1984,1851,1962,3113
1887,1924,1953,2047,2496,2489,2486,2496,1731,1963,2240,1930,2038,1952,1831,2055,3117
2006,1875,1909,1929,2502,2519,2464,2483,2088,1851,1659,2206,2069,1889,2012,1830,3121
1944,1939,1991,2076,2479,2501,2480,2483,1823,2176,1909,1903,2120,1838,2013,2184,3125
1835,1955,1962,2015,2503,2483,2475,2499,1935,1771,2264,1971,1705,2036,1869,1798,3129
1928,1851,1902,2004,2499,2502,2476,2476,1871,2084,1815,2059,2176,1831,2039,2065,3133
1918,1880,1942,2052,2484,2499,2480,2479,1803,2144,1945,1961,2148,1849,1951,2152,3137
1868,1919,1925,1947,2511,2480,2473,2495,1907,1725,2131,2144,1823,2028,1900,1690,3141
1920,1866,1939,1984,2507,2503,2464,2485,1943,2033,1713,2107,2132,1805,2067,1971,3145
2015,1928,1880,1919,2512,2497,2479,2488,1789,1807,2124,1831,1991,2004,1817,1851,3149
2031,1901,1923,1911,2503,2516,2461,2489,2172,1887,1657,2154,2028,1935,2002,1807,3153
2079,2008,1870,1895,2496,2499,2495,2480,1795,2038,1933,1727,2142,1984,1862,2057,3157
2043,2029,1924,1875,2509,2512,2479,2491,2272,1823,1855,2080,1877,2109,1988,1735,3161
2076,2049,1927,1926,2483,2503,2502,2480,2053,2096,1671,1871,2148,1933,2070,2088,3165
1916,2047,2064,1925,2502,2496,2479,2509,2099,1763,2079,1961,1717,2089,2010,1863,3169
1944,1942,2019,2052,2481,2503,2484,2485,1839,2240,1949,1831,2100,1871,1966,2208,3173
1909,2008,2034,2015,2496,2487,2487,2496,1857,1943,2208,1859,1807,2008,1894,2027,3177
1875,1918,2022,2053,2489,2501,2467,2491,2184,2025,1859,2180,1933,1899,2068,1935,3181
1867,1912,1954,1991,2496,2483,2485,2488,1758,1955,2148,1911,1995,1968,1839,1915,3185
1882,1871,1968,1958,2509,2503,2461,2491,2080,1861,1753,2208,1947,1969,1970,1774,3189
1941,1871,1907,2011,2496,2494,2480,2476,1617,2047,1964,1895,2244,1887,1859,2156,3193
1901,1895,1931,1933,2518,2482,2471,2495,1888,1679,2019,2104,1901,2047,1888,1699,3197
1867,1959,2026,2027,2499,2483,2479,2503,2055,2005,1673,2170,2129,1817,2089,1845,3201
1923,1874,1891,1995,2498,2493,2481,2476,1675,2024,1966,1884,2252,1869,1827,2088,3205
1907,1911,1925,1935,2519,2483,2471,2495,1976,1743,2021,2087,1815,2077,1914,1711,3209
1968,1857,1916,1968,2511,2507,2464,2483,1957,2000,1719,2061,2178,1805,2047,1984,3213
2007,1924,1871,1911,2512,2499,2479,2488,1805,1747,2160,1895,1967,2000,1810,1931,3217
2014,1899,1918,1910,2511,2512,2463,2493,2132,1801,1701,2128,1969,1995,1960,1727,3221
2084,1910,1862,1951,2490,2511,2480,2472,1819,2124,1820,1791,2232,1885,1903,2120,3225
2035,2031,1893,1879,2511,2512,2479,2493,2072,1708,1996,2027,1719,2151,1939,1691,3229
2072,2031,1925,1904,2491,2511,2488,2479,1991,2080,1655,1958,2128,1901,2103,2048,3233
1990,2088,1941,1883,2498,2493,2499,2488,1923,1867,2084,1801,1905,2056,1901,2039,3237
1920,1911,1971,2076,2479,2499,2480,2482,2048,1661,2099,1958,1790,2084,1885,1705,3241
1841,1899,1953,1948,2515,2481,2471,2495,1892,1743,2236,2048,1743,2016,1898,1759,3245
2086,1906,1863,1955,2496,2511,2482,2473,1699,2036,1873,1699,2200,1937,1847,2046,3249
2038,2045,1960,1875,2503,2508,2480,2495,2176,1803,1943,2112,1831,2087,1996,1741,3253
1995,2052,2027,1967,2496,2493,2491,2500,1791,2202,1985,1675,2094,1952,1907,2215,3257
1962,2080,2012,1903,2500,2485,2487,2506,1881,1911,2128,1785,1855,2016,1923,2030,3261
1920,1943,2039,2056,2485,2503,2480,2487,1955,2216,1767,2015,1944,1845,2095,2176,3265
1846,1938,1953,1997,2507,2480,2475,2495,1976,1671,2234,2055,1774,2052,1899,1759,3269
1976,1859,1899,1988,2499,2503,2476,2479,1885,2128,1818,1943,2228,1807,1979,2116,3273
2047,1963,1892,1883,2509,2504,2475,2491,2112,1714,2043,2084,1815,2127,1920,1713,3277
2047,2048,2019,2053,2496,2483,2487,2496,1890,2156,1901,1709,2144,1939,1967,2130,3281
2009,1862,1878,1990,2503,2503,2478,2474,1713,2050,1840,1831,2228,1844,1859,2088,3285
2058,1957,1908,1895,2509,2512,2474,2491,2168,1820,1915,2096,1775,2109,2000,1746,3289
2013,2080,1945,1915,2496,2503,2503,2480,1834,2124,1926,1631,2114,1956,1887,2158,3293
1920,1959,2100,1993,2497,2500,2471,2511,2168,2002,1843,2120,1863,1962,2040,1947,3297
1970,2005,2067,1939,2492,2507,2471,2499,2183,2140,1755,2031,2011,1839,2134,2080,3301
1884,1966,1993,2037,2498,2481,2481,2498,1879,1799,2232,1839,1807,2002,1893,1941,3305
1916,1871,1931,2004,2497,2499,2472,2481,1820,2136,1819,2047,2160,1833,1991,2073,3309
1907,1914,1906,1947,2514,2482,2478,2492,1873,1703,2092,1958,1945,2004,1863,1822,3313
2112,1961,1882,1918,2486,2511,2490,2470,1981,2080,1785,1869,2208,1899,2019,2056,3317
1933,2039,2084,1910,2507,2496,2487,2493,2240,1871,1885,1996,1757,2039,2064,1897,3321
1950,1974,2029,2038,2481,2495,2488,2496,1740,2200,2082,1713,2046,1895,1891,2282,3325
1967,2048,2031,1951,2496,2495,2491,2496,1823,2123,2080,1695,1997,1938,1892,2199,3329
1898,1919,2031,2052,2489,2501,2467,2489,2156,1966,1913,2180,1921,1895,2076,2012,3333
1895,1907,1910,1943,2515,2483,2475,2494,1864,1725,2152,2037,1847,2040,1887,1743,3337
2106,1984,1867,1927,2488,2510,2494,2471,1881,2120,1866,1801,2168,1923,1951,2128,3341
1942,2019,2078,1930,2499,2504,2471,2503,2240,1999,1741,2080,1862,1975,2066,1939,3345
1891,1952,1967,2030,2496,2480,2481,2496,1775,1941,2276,1827,1931,1952,1857,1929,3349
1903,1996,2048,1987,2496,2486,2485,2504,1877,1791,2236,1871,1727,2056,1875,1991,3353
1888,1897,1951,2056,2487,2501,2472,2485,1878,2136,1911,2071,2112,1811,2043,2088,3357
1894,1907,1925,1943,2521,2504,2474,2493,1935,1708,2063,2103,1767,2046,1916,1695,3361
1865,1870,1949,1992,2499,2499,2468,2483,2085,2022,1711,2236,2030,1833,2066,1973,3365
1911,1880,1911,1991,2498,2495,2483,2480,1703,2144,1981,1923,2184,1859,1943,2144,3369
2048,1907,1912,1899,2508,2512,2465,2491,2176,1856,1772,2144,1909,2047,1976,1773,3373
2127,1971,1868,1915,2496,2511,2492,2474,1791,2044,1889,1775,2208,1921,1917,2088,3377
1975,2075,1992,1871,2503,2500,2487,2499,2184,1759,1931,2084,1815,2110,2048,1791,3381
1955,2016,2037,1987,2483,2497,2491,2496,1727,2183,2137,1693,2045,1937,1853,2210,3385
1888,1919,2022,2056,2493,2501,2465,2493,2104,1903,1967,2176,1779,1957,2032,1923,3389
1919,1908,1904,1939,2514,2483,2479,2488,1828,1749,2152,1973,1915,1996,1859,1811,3393
1862,1923,1948,1985,2506,2480,2475,2495,1849,1674,2188,2052,1831,2016,1875,1731,3397
1920,1865,1933,1968,2503,2503,2464,2495,1895,2096,1727,2092,2162,1827,2095,1966,3401
1971,1896,1891,1939,2520,2493,2479,2488,1795,1821,2168,1875,1961,1984,1809,1943,3405
2096,1990,1907,1897,2495,2525,2480,2479,2174,2048,1591,2031,2118,1909,2115,1933,3409
1925,2043,2064,1943,2501,2496,2479,2519,2048,1818,2164,1920,1715,2054,1984,1833,3413
1895,1920,1955,2077,2481,2491,2487,2480,1759,2114,2060,1831,2138,1917,1870,2142,3417
1920,1851,1937,1946,2519,2511,2464,2483,2088,1883,1835,2168,2079,1885,2044,1852,3421
1952,1853,1915,1968,2505,2507,2476,2475,1877,2056,1727,2095,2123,1805,2047,1990,3425
2067,1999,1912,1875,2507,2516,2479,2491,2136,1734,1939,2008,1755,2127,1939,1655,3429
2007,2068,1980,1951,2483,2499,2494,2496,1862,2160,1845,1743,2160,1911,1975,2112,3433
1876,1913,2038,2056,2495,2499,2467,2495,2180,2035,1852,2207,1909,1863,2088,1985,3437
1871,1906,1923,1969,2512,2483,2479,2488,1739,1875,2104,1943,1927,1984,1863,1855,3441
2025,2048,1941,1922,2485,2505,2502,2478,1983,2132,1835,1731,2168,1923,1982,2152,3445
1943,2047,2064,1915,2503,2496,2479,2507,2176,1855,2103,1962,1669,2079,1985,1823,3449
1957,1953,2007,2068,2477,2497,2488,2481,1715,2188,2015,1723,2092,1891,1910,2200,3453
1834,1907,1992,2022,2501,2496,2470,2499,2064,1829,2059,2120,1773,2046,1984,1742,3457
1935,1858,1907,2009,2499,2495,2483,2475,1695,2079,1959,1829,2196,1865,1847,2116,3461
1995,1901,1924,1909,2507,2514,2463,2493,2048,1747,1886,2144,1861,2073,1908,1670,3465
2071,2035,1881,1919,2496,2507,2495,2472,1767,2075,2006,1678,2158,1993,1881,2098,3469
2061,1920,1857,1949,2496,2507,2483,2473,1717,2003,1968,1735,2041,1976,1809,2062,3473
2016,2030,1991,1888,2497,2509,2487,2494,2192,1901,1739,2140,1891,1969,2060,1884,3477
1959,2056,2027,1943,2496,2492,2491,2496,1857,2009,2136,1805,1881,2008,1874,2167,3481
2019,2066,1906,1867,2506,2496,2491,2495,1922,1791,2016,1770,1827,2072,1845,1859,3485
1970,1964,2035,2016,2483,2503,2484,2497,1906,2292,1974,1734,2132,1847,1974,2296,3489
1867,1943,2004,2034,2497,2496,2471,2501,2084,1823,1951,2176,1820,2031,1968,1761,3493
1900,1897,1951,2056,2483,2497,2480,2481,1683,2120,1991,1959,2168,1859,1983,2136,3497
1879,1895,1931,1951,2515,2483,2475,2495,1827,1753,2026,2085,1751,2047,1872,1743,3501
1968,1865,1919,1972,2507,2507,2468,2485,1999,1960,1695,2107,2149,1821,2043,1984,3505
1995,1924,1875,1930,2520,2496,2479,2484,1735,1885,2112,1878,2055,1976,1807,1951,3509
1887,1903,1936,1939,2519,2482,2471,2495,1972,1715,1991,2124,1806,2039,1920,1722,3513
1878,1865,1967,1968,2503,2499,2465,2487,2080,1900,1739,2264,1974,1890,2056,1836,3517
1943,1888,1887,1959,2504,2491,2481,2480,1643,1919,2144,1807,2063,1930,1799,1995,3521
1992,2045,2006,1920,2487,2507,2496,2489,2095,2152,1831,1891,2128,1847,2119,2096,3525
1967,2080,2017,1919,2498,2488,2487,2506,1903,1995,2096,1797,1935,2004,1913,2103,3529
1932,1951,2087,1996,2495,2503,2468,2508,2168,2120,1767,2071,1955,1843,2080,2089,3533
1926,1968,2015,2042,2484,2495,2489,2485,1737,2119,2240,1711,2062,1937,1834,2158,3537
1858,1913,2008,2041,2499,2496,2470,2499,2084,1845,1911,2252,1809,1999,2000,1854,3541
1924,1907,1943,2080,2480,2499,2482,2479,1748,2156,1971,1909,2120,1835,1925,2168,3545
1847,1913,1941,1977,2511,2480,2473,2495,1938,1723,2170,2131,1759,2063,1910,1757,3549
1904,1859,1927,1984,2503,2503,2472,2479,2059,2008,1731,2171,2112,1823,2054,1976,3553
1980,1924,1883,1919,2520,2491,2477,2488,1789,1739,2168,1909,1943,2016,1844,1799,3557
1945,1854,1933,1926,2511,2518,2460,2486,2128,1850,1739,2184,2006,1933,1984,1797,3561
1885,1947,2036,2037,2495,2496,2471,2501,2120,1899,1991,2152,1763,2027,2032,1851,3565
1928,1929,1999,2072,2483,2503,2480,2486,1799,2160,1929,1875,2128,1858,2039,2152,3569
1853,1951,1970,1993,2503,2483,2475,2499,1856,1766,2288,1978,1721,2024,1903,1843,3573
1883,1892,2015,2036,2493,2499,2465,2494,2044,2016,1803,2218,2006,1887,2070,1895,3577
1895,1900,1939,2023,2496,2489,2483,2480,1723,2156,2067,1771,2119,1907,1895,2156,3581
1859,1899,1952,1963,2515,2496,2467,2495,2010,1695,2083,2176,1731,2067,1920,1719,3585
2012,1871,1877,1983,2504,2502,2479,2473,1691,2110,1992,1809,2188,1899,1837,2092,3589
2035,1947,1912,1885,2507,2520,2471,2491,2100,1733,2035,2072,1771,2105,1940,1675,3593
2027,2070,1926,1918,2496,2503,2501,2478,1805,2159,1952,1675,2087,1942,1901,2114,3597
1951,2035,2068,1909,2501,2496,2474,2509,2204,1951,1895,2048,1799,2012,2048,1843,3601
1879,1916,1926,1983,2508,2483,2481,2488,1787,1823,2116,1955,1927,1956,1841,1931,3605
1873,1875,1976,1969,2511,2496,2465,2495,2112,1843,1871,2258,1923,1979,1984,1701,3609
1990,1874,1887,1967,2498,2501,2479,2476,1669,2086,1912,1818,2220,1888,1857,2084,3613
2023,1927,1912,1899,2511,2504,2469,2493,2016,1692,1949,2096,1867,2101,1928,1635,3617
2096,1909,1870,1940,2491,2515,2480,2478,1973,2128,1779,1875,2192,1899,2011,2036,3621
2043,2002,1883,1889,2504,2507,2486,2488,1889,1859,2032,1804,1910,2056,1861,1859,3625
2060,1987,1935,1888,2503,2524,2473,2487,2216,1875,1699,2088,1971,1985,2072,1870,3629
2079,2030,1866,1919,2487,2507,2495,2471,1841,2124,1923,1679,2135,1995,1866,2122,3633
1987,2083,1984,1863,2507,2500,2491,2503,2129,1727,1993,1974,1775,2119,1971,1761,3637
2024,2052,2015,1964,2482,2503,2488,2490,1925,2176,1826,1879,2116,1841,2113,2180,3641
2100,1930,1863,1952,2489,2519,2482,2473,1865,2108,1878,1783,2208,1911,1949,2096,3645
2051,2011,1888,1867,2507,2500,2483,2491,1955,1681,2084,1892,1871,2072,1833,1843,3649
2064,1991,1931,1881,2497,2519,2480,2482,2101,2064,1653,2095,1971,1868,2121,1979,3653
1985,2084,1943,1885,2496,2495,2503,2496,1933,1915,2116,1752,1863,2024,1919,2019,3657
1944,1977,2083,1968,2491,2507,2472,2507,2174,2049,1651,2031,1977,1859,2095,2068,3661
1941,1984,2041,2015,2496,2493,2491,2497,1775,2087,2210,1743,1903,1984,1846,2151,3665
1861,1915,2024,2048,2495,2498,2467,2499,2096,1921,1867,2204,1854,1973,2016,1913,3669
1911,1922,1959,2095,2478,2495,2486,2479,1699,2063,2057,1810,2127,1921,1879,2216,3673
1859,1894,1964,1974,2515,2496,2467,2495,1952,1747,2071,2176,1774,2038,1920,1771,3677
1962,1871,1887,1988,2498,2501,2478,2476,1677,2136,1848,1871,2240,1851,1914,2112,3681
1907,1891,1923,2018,2496,2493,2483,2476,1637,2076,2036,1883,2226,1891,1867,2130,3685
1923,1885,1944,1939,2518,2496,2471,2495,2016,1757,1917,2136,1939,2042,1952,1673,3689
2054,1878,1879,1964,2506,2511,2472,2475,1783,2114,1875,1797,2264,1885,1941,2096,3693
2012,1954,1881,1900,2511,2499,2475,2490,1990,1651,2114,1969,1843,2110,1850,1659,3697
2112,1987,1903,1912,2494,2527,2480,2479,2123,2048,1645,2011,2092,1871,2079,1993,3701
1977,2104,1958,1871,2502,2490,2499,2496,2035,1749,2104,1802,1797,2088,1949,1895,3705
1952,2019,2055,1952,2493,2507,2473,2499,2143,2136,1729,1983,2050,1835,2111,2125,3709
1951,2008,2048,1995,2496,2485,2489,2498,1787,2047,2128,1729,1975,1957,1899,2185,3713
1896,1903,1961,2064,2485,2503,2472,2489,2023,2032,1865,2095,2056,1807,2043,2050,3717
1855,1918,1929,1971,2508,2481,2481,2488,1871,1775,2232,1974,1879,1984,1859,1854,3721
1930,2020,2048,1983,2496,2489,2487,2512,1881,1977,2180,1767,1839,2016,1870,2083,3725
1888,1925,2039,2060,2491,2503,2468,2491,2127,2048,1917,2159,1971,1859,2090,2005,3729
1851,1936,1943,2023,2496,2485,2483,2496,1720,1807,2208,1869,1871,2018,1843,1969,3733
1900,1855,1967,1965,2510,2496,2463,2491,2036,1922,1749,2206,2053,1869,2020,1893,3737
2023,1948,1878,1891,2504,2502,2481,2488,1765,1913,2116,1791,1975,2004,1809,2007,3741
1974,1931,1892,1893,2511,2504,2471,2491,1953,1671,2164,1987,1867,2050,1846,1727,3745
2055,2052,1897,1931,2488,2503,2494,2475,1895,2130,1841,1670,2144,1947,1951,2128,3749
1933,1995,2096,1944,2499,2498,2473,2511,2232,1902,1951,2052,1749,2028,2040,1931,3753
1875,1936,1955,2022,2496,2479,2483,2492,1695,2025,2176,1773,1945,1936,1857,2015,3757
1936,1859,1934,1984,2505,2503,2464,2486,2003,1994,1687,2097,2176,1835,2070,1942,3761
2027,2059,1952,1857,2503,2504,2481,2497,2122,1743,1981,2000,1743,2127,1939,1743,3765
2048,1971,1912,1891,2507,2520,2471,2491,2176,1795,1835,2152,1893,2047,2016,1767,3769
1991,2072,1954,1919,2496,2497,2507,2496,1879,2135,1968,1705,2039,1960,1894,2175,3773
1936,1969,2092,1984,2493,2505,2469,2501,2200,1984,1838,2064,1871,1995,2072,1987,3777
1863,1952,1969,2047,2496,2486,2486,2496,1817,1901,2216,1822,1915,1984,1859,1974,3781
1873,1859,1983,1998,2502,2499,2463,2493,2094,1988,1743,2255,1968,1875,2020,1905,3785
1975,1900,1893,1927,2520,2491,2479,2488,1821,1867,2128,1884,1909,1986,1841,1843,3789
2096,1959,1894,1904,2495,2526,2480,2481,2063,2066,1647,2033,2096,1895,2063,2030,3793
1926,2095,2003,1891,2503,2496,2493,2506,2048,1771,2108,1904,1687,2092,1975,1799,3797
2010,2063,1936,1859,2509,2496,2487,2493,2148,1751,2011,1968,1755,2138,1976,1703,3801
2080,2029,1903,1916,2487,2515,2488,2475,2042,2104,1693,1830,2168,1907,2021,2056,3805
1942,2079,1970,1877,2505,2488,2497,2503,2121,1819,2135,1926,1709,2082,1974,1819,3809
1955,2069,2016,1887,2503,2500,2487,2503,2272,1867,1821,2056,1811,2094,2020,1843,3813
1947,1984,2021,2025,2484,2495,2491,2496,1781,2099,2200,1695,1959,1944,1855,2201,3817
1896,1881,1955,2016,2497,2499,2466,2487,2057,1984,1735,2175,2112,1826,2071,2018,3821
2019,1947,1908,1895,2511,2499,2473,2493,1968,1655,2166,2056,1863,2095,1897,1651,3825
1991,2056,1983,1919,2496,2499,2499,2485,1827,2190,1984,1683,2047,1968,1913,2148,3829
1907,1927,2037,2064,2490,2503,2468,2491,2095,2013,1878,2156,1902,1871,2092,1985,3833
1932,1920,1975,2098,2479,2499,2482,2481,1775,2168,1976,1816,2108,1880,1947,2232,3837
1911,1863,1960,1955,2511,2496,2463,2495,2120,1837,1871,2192,1927,1985,1970,1829,3841
2055,2052,1896,1867,2504,2491,2493,2490,1953,1799,2032,1699,1923,2024,1827,1919,3845
1960,1967,2031,2008,2481,2502,2486,2496,1943,2192,1915,1733,2128,1857,1967,2242,3849
1951,2016,2033,1966,2496,2495,2491,2496,1799,2147,2144,1651,2013,1968,1871,2187,3853
1907,1959,2074,1995,2499,2496,2471,2509,2128,1891,1966,2096,1871,1982,2016,1874,3857
1887,1926,1914,1951,2514,2480,2478,2492,1839,1821,2112,1942,1851,1988,1880,1827,3861
1939,1851,1931,1956,2511,2515,2464,2483,2035,1965,1692,2168,2121,1871,2038,1888,3865
1987,2077,1926,1855,2507,2496,2487,2495,2048,1691,1991,1948,1728,2127,1952,1710,3869
2016,2051,2006,1920,2489,2509,2488,2491,2101,2180,1815,1861,2040,1863,2107,2136,3873
1931,2047,2048,1943,2498,2485,2487,2508,1951,1813,2132,1901,1747,2056,1951,1862,3877
1931,1987,2092,1947,2499,2502,2471,2503,2252,1991,1766,2084,1818,1951,2112,2025,3881
2048,2047,1937,1880,2495,2511,2480,2487,2179,1991,1699,1967,2080,1868,2126,2048,3885
1943,2076,2021,1910,2500,2485,2485,2508,1891,1958,2116,1765,1895,2020,1910,2021,3889
1924,1931,2055,2036,2489,2503,2472,2499,2019,2144,1763,2073,1988,1835,2102,2072,3893
1899,1984,2006,2059,2496,2487,2487,2496,1799,1923,2272,1807,1877,1968,1851,2063,3897
1864,1883,2003,2029,2494,2499,2464,2493,2092,1975,1767,2198,1955,1899,2024,1871,3901
1899,1893,1932,2037,2496,2491,2483,2478,1662,2059,2131,1795,2134,1903,1859,2124,3905
1869,1907,1952,1957,2511,2482,2471,2495,2032,1703,2027,2166,1795,2067,1944,1733,3909
1972,1857,1903,1992,2499,2503,2472,2477,1822,2072,1785,1877,2240,1835,1990,2096,3913
1888,1895,1971,2068,2483,2501,2480,2486,1865,2120,1887,2058,2124,1823,2039,2112,3917
1890,1907,1928,1946,2519,2482,2471,2495,1921,1643,2066,2176,1788,2044,1900,1753,3921
2079,1898,1861,1960,2492,2515,2476,2473,1783,2112,1827,1850,2280,1863,1919,2084,3925
2030,1991,1897,1875,2510,2508,2479,2491,2112,1747,1999,2009,1740,2124,1923,1737,3929
2080,2007,1911,1896,2494,2521,2482,2479,2087,2000,1751,1959,2112,1891,2095,1994,3933
1963,2114,1994,1899,2503,2488,2486,2507,2013,1863,2160,1807,1809,2048,1919,1897,3937
1956,1947,2038,2060,2481,2499,2480,2483,2041,2164,1847,1963,2056,1831,2109,2162,3941
1883,1972,2033,2031,2496,2485,2487,2496,1841,1913,2248,1862,1791,2000,1867,1977,3945
1888,1923,2031,2051,2490,2499,2465,2495,2144,1985,1843,2222,1891,1901,2046,1975,3949
1870,1904,1935,2027,2496,2487,2485,2480,1735,1935,2152,1882,2045,1924,1823,2085,3953
1878,1859,1968,1964,2511,2496,2463,2495,2096,1823,1903,2216,1929,1957,1992,1831,3957
1999,1896,1891,1975,2498,2499,2483,2475,1687,2067,2013,1791,2179,1898,1827,2047,3961
1911,1929,1981,2079,2480,2495,2486,2481,1743,2214,2061,1735,2144,1897,1846,2164,3965
1857,1903,1992,1984,2509,2496,2467,2495,2072,1801,2063,2180,1753,2037,1970,1753,3969
1967,1888,1885,1987,2499,2495,2479,2476,1663,2025,2005,1841,2189,1914,1813,2104,3973
1945,1894,1920,1919,2515,2512,2467,2492,1990,1771,2047,2080,1857,2063,1888,1671,3977
2091,2002,1869,1919,2488,2519,2490,2471,1778,2056,1915,1700,2182,1961,1887,2144,3981
2043,2053,1905,1866,2507,2500,2486,2489,2075,1707,2006,1902,1741,2108,1927,1735,3985
1935,1900,1902,1943,2516,2486,2478,2492,1889,1767,2216,1953,1919,1996,1841,1843,3989
2019,2112,1963,1883,2496,2491,2503,2500,1823,2003,2083,1679,2013,1984,1851,2015,3993
2062,2040,1888,1879,2500,2511,2491,2484,1925,1814,2096,1841,1822,2072,1833,1878,3997
2049,1999,1950,1885,2501,2510,2475,2489,2192,1900,1805,2096,1865,2057,1968,1799,4001
1945,2056,2013,1945,2496,2492,2491,2496,1854,1929,2036,1783,1915,1987,1923,2127,4005
1934,1993,2096,1951,2497,2500,2471,2511,2188,1965,1887,2144,1799,1987,2064,1902,4009
1947,1949,2023,2057,2479,2498,2488,2485,1815,2256,2016,1741,2156,1925,1884,2256,4013
1875,1995,2048,2009,2499,2484,2481,2503,2025,1847,2236,1948,1702,2022,1935,1859,4017
1911,1947,2075,2020,2491,2503,2468,2502,2106,2051,1889,2150,1902,1879,2072,1997,4021
1893,1952,1973,2075,2488,2491,2487,2496,1714,2067,2256,1775,1983,1932,1871,2089,4025
1859,1869,1979,1984,2503,2499,2464,2487,2078,1943,1823,2220,1958,1887,2032,1803,4029
1967,1900,1889,1954,2516,2493,2479,2484,1708,1925,2144,1853,2063,1944,1841,1942,4033
2064,1899,1925,1909,2502,2516,2464,2487,2132,1879,1611,2184,2048,1959,2052,1856,4037
1976,1865,1905,1968,2503,2507,2468,2483,1863,2096,1795,1966,2257,1845,2037,2022,4041
1908,1900,1961,2088,2479,2499,2480,2480,1731,2170,1979,1967,2132,1819,1961,2144,4045
1956,1874,1928,1926,2525,2504,2463,2493,2032,1731,1801,2160,1959,2030,2016,1747,4049
1999,2088,1907,1884,2500,2496,2495,2488,1909,1881,2152,1827,1848,2040,1899,1934,4053
1984,1985,2047,1996,2486,2505,2480,2503,1911,2272,1773,1939,2048,1855,2095,2112,4057
2002,2024,2027,1968,2480,2503,2488,2487,1799,2248,1911,1699,2120,1888,1949,2240,4061
1870,1929,2028,2048,2499,2496,2470,2503,2108,1837,1917,2192,1777,2003,2008,1883,4065
1895,1896,1895,1957,2512,2489,2479,2488,1663,1989,2180,1887,2095,1934,1811,2043,4069
2084,2001,1887,1920,2493,2519,2488,2476,2039,2088,1755,1941,2132,1899,2033,2072,4073
1921,1995,2072,1949,2501,2496,2476,2515,2136,1923,2011,2092,1810,2047,2024,1883,4077
1952,1987,2085,1955,2495,2503,2471,2502,2210,2108,1707,2056,1937,1883,2108,2040,4081
1851,1954,1961,2019,2498,2480,2479,2496,1895,1724,2296,2049,1691,2034,1889,1871,4085
1908,1867,1923,1988,2501,2501,2472,2483,1935,2085,1747,2067,2122,1809,2043,2024,4089
1987,1925,1895,1899,2519,2496,2471,2491,1999,1663,2110,2035,1827,2076,1909,1747,4093
2071,2048,1899,1922,2486,2507,2492,2476,1880,2148,1867,1763,2128,1949,1955,2128,4097
1907,1933,2069,2048,2489,2503,2467,2493,2172,2008,1903,2128,1805,1963,2056,1972,4101
1948,1945,2055,2040,2483,2503,2480,2497,1911,2208,1819,1997,2024,1841,2065,2208,4105
1843,1911,1960,1955,2511,2496,2469,2497,1991,1689,2075,2117,1798,2062,1897,1731,4109
2063,1976,1861,1903,2498,2509,2487,2480,1795,2069,1956,1711,2062,2016,1833,2019,4113
1992,2038,2035,1936,2491,2507,2480,2495,2155,2161,1780,1879,2035,1841,2131,2136,4117
1891,1947,2008,2027,2499,2496,2471,2499,2060,1827,2139,2009,1699,2067,1942,1789,4121
1910,1961,2092,1968,2495,2504,2470,2511,2204,2048,1813,2148,1868,1935,2064,1979,4125
1854,1940,1961,2037,2496,2483,2483,2496,1788,1839,2184,1985,1903,2008,1867,1938,4129
1870,1986,2009,2027,2496,2482,2483,2498,1898,1815,2312,1907,1717,2024,1902,1899,4133
1912,1871,1935,2012,2496,2497,2480,2478,1791,2048,1857,2142,2034,1839,2043,2035,4137
2057,1943,1912,1891,2509,2512,2469,2492,2072,1799,1873,2112,1833,2077,1968,1703,4141
1966,2088,2005,1903,2496,2495,2495,2496,1889,1996,2056,1723,1883,2000,1894,2137,4145
1920,1935,2027,2064,2485,2503,2472,2487,2079,2051,1811,2110,1996,1863,2084,2063,4149
1867,1901,1944,1959,2515,2480,2471,2498,1898,1719,2062,2131,1783,2063,1915,1621,4153
1865,1918,1992,2023,2499,2496,2474,2499,2008,1719,2087,2176,1803,2061,1942,1683,4157
1935,1867,1901,1996,2496,2495,2481,2475,1623,2126,1975,1807,2214,1883,1885,2088,4161
1887,1899,1920,1939,2519,2480,2475,2494,1921,1683,2099,2089,1846,2047,1881,1747,4165
2072,1883,1877,1952,2496,2517,2472,2477,1909,2052,1855,1903,2252,1871,1979,2000,4169
1983,2079,1984,1871,2503,2496,2489,2499,2216,1847,1871,2048,1746,2079,2036,1715,4173
1950,1984,2028,2047,2496,2489,2489,2496,1767,2149,2128,1667,2022,1932,1847,2246,4177
1896,1866,1931,1984,2501,2503,2472,2478,1983,2064,1683,2159,2070,1803,2055,2004,4181
1919,1878,1903,2019,2496,2495,2480,2475,1718,2096,1984,1823,2232,1895,1903,2140,4185
2066,1947,1919,1898,2501,2519,2474,2481,2192,1871,1663,2156,1991,1945,2032,1849,4189
1954,2068,2031,1903,2500,2488,2485,2504,2027,1911,2184,1876,1747,2052,1951,1916,4193
1906,1905,1935,2023,2496,2487,2483,2480,1663,2111,2120,1803,2151,1876,1873,2110,4197
1867,1926,1939,1967,2506,2480,2479,2494,1884,1699,2096,2089,1785,2020,1868,1823,4201
1994,1859,1871,1984,2503,2503,2476,2474,1743,2128,1856,1861,2232,1874,1881,2040,4205
1959,1872,1891,1943,2516,2497,2479,2480,1647,2030,2080,1810,2163,1910,1803,2054,4209
2072,2021,1927,1892,2495,2515,2480,2481,2167,2048,1667,1949,2068,1915,2127,1989,4213
1915,2061,2048,1931,2501,2487,2479,2508,1990,1827,2212,1945,1705,2047,1976,1887,4217
1887,1910,1935,2087,2482,2492,2485,2479,1700,2115,2023,1782,2146,1897,1843,2174,4221
2008,1868,1907,1931,2511,2511,2464,2483,2073,1984,1709,2094,2112,1849,2075,1888,4225
2036,1870,1881,1964,2509,2511,2472,2475,1745,2096,1829,1799,2240,1836,1962,2036,4229
2051,2037,1920,1863,2507,2504,2483,2491,2152,1687,1875,2073,1773,2125,1944,1718,4233
1951,2016,2043,1991,2481,2497,2491,2500,1799,2109,2102,1679,1927,1952,1887,2154,4237
1862,1901,1997,2048,2491,2499,2467,2495,2079,1949,1871,2214,1939,1867,2074,1963,4241
1894,1912,1951,2055,2484,2493,2485,2480,1643,2103,2088,1829,2119,1894,1823,2127,4245
2088,1909,1889,1932,2495,2519,2472,2479,1971,2072,1804,1981,2132,1870,2027,2016,4249
2101,2032,1887,1889,2500,2496,2497,2484,1794,2041,2016,1685,2063,2008,1823,2097,4253
1968,1974,2047,2004,2483,2505,2480,2502,2031,2184,1807,1907,2096,1843,2091,2200,4257
1883,1868,1960,1956,2509,2496,2463,2494,2114,1902,1783,2304,1897,1987,2016,1799,4261
2033,1944,1867,1907,2504,2503,2483,2484,1857,1752,2080,1877,1868,2040,1823,1907,4265
1979,1910,1890,1907,2524,2496,2474,2492,1934,1709,2148,1969,1843,2060,1850,1735,4269
2098,1984,1883,1912,2491,2526,2480,2475,1951,2096,1777,1910,2168,1891,2023,2025,4273
1925,2006,2068,1939,2499,2496,2477,2511,2148,1935,2059,2072,1751,2075,1986,1907,4277
1890,1936,1959,2063,2480,2491,2485,2483,1739,2123,2124,1789,2090,1948,1837,2196,4281
2007,2068,2002,1941,2496,2494,2491,2496,1867,2218,1992,1679,2074,1972,1883,2193,4285
1900,1932,2037,2056,2489,2501,2468,2491,2103,2062,1857,2214,1989,1823,2116,2048,4289
1859,1913,1922,1943,2519,2496,2471,2495,1942,1701,2138,2024,1830,2044,1879,1735,4293
2024,1889,1867,1960,2493,2515,2476,2473,1855,2064,1802,1962,2240,1823,2011,2080,4297
2039,2057,1936,1871,2507,2504,2483,2495,2076,1699,1991,1996,1783,2135,1942,1705,4301
2003,2052,2003,1956,2481,2503,2490,2488,1871,2232,1811,1750,2116,1893,1967,2196,4305
2086,1999,1879,1930,2488,2515,2492,2471,1903,2108,1848,1750,2096,1944,1937,2080,4309
2005,2079,1933,1859,2507,2496,2490,2492,2126,1757,2060,1921,1731,2112,1937,1795,4313
1982,1977,2027,2044,2479,2498,2487,2484,1919,2244,1975,1747,2112,1856,1975,2220,4317
1860,1903,1994,2016,2499,2496,2463,2497,2120,1823,1867,2248,1900,1961,2032,1789,4321
1912,1915,2015,2072,2487,2503,2472,2491,2047,2176,1841,2047,1996,1846,2097,2113,4325
1862,1956,1965,2027,2492,2482,2485,2496,1867,1820,2240,1975,1834,1996,1839,1883,4329
1940,1863,1935,1984,2503,2499,2464,2483,1973,2056,1683,2046,2146,1799,2054,2006,4333
1991,1938,1879,1887,2511,2499,2475,2491,1908,1717,2160,1898,1865,2048,1829,1867,4337
2080,2023,1911,1908,2487,2509,2492,2479,2109,2080,1693,1981,2120,1913,2074,1984,4341
1927,2006,2076,1995,2499,2496,2471,2509,2145,1859,2159,1968,1711,2073,2016,1807,4345
1952,1981,2047,2000,2483,2505,2480,2503,1919,2224,1897,1971,2020,1837,2087,2185,4349
1948,2020,2039,1967,2496,2495,2491,2496,1846,2135,2050,1719,1919,1984,1869,2139,4353
1904,1955,2080,2016,2499,2498,2471,2503,2160,2032,1959,2120,1817,1963,2016,1943,4357
1911,1936,1991,2094,2479,2495,2486,2480,1687,2116,2061,1747,2068,1911,1925,2240,4361
2047,2059,1937,1912,2486,2503,2502,2478,1983,2160,1785,1703,2168,1938,1982,2096,4365
1958,2069,2048,1905,2503,2496,2479,2510,2144,1803,2047,1895,1675,2086,1975,1829,4369
1935,1950,1991,2079,2480,2494,2487,2481,1837,2268,1977,1815,2124,1887,1971,2240,4373
1996,2016,2007,1978,2482,2502,2488,2488,1819,2208,2016,1695,2126,1921,1979,2240,4377
1909,2005,2057,1977,2499,2496,2479,2515,2080,1845,2164,1984,1682,2075,1952,1849,4381
1928,1935,2035,2072,2485,2503,2480,2487,1827,2208,1891,1915,2048,1852,2067,2186,4385
1855,1968,1963,2015,2499,2481,2479,2497,1837,1861,2320,1911,1749,2016,1895,1919,4389
1904,1875,1937,1996,2497,2499,2472,2479,1923,2051,1757,2175,2076,1827,2042,2016,4393
1943,1915,1898,1925,2525,2489,2474,2492,1929,1710,2164,1996,1811,2062,1879,1771,4397
2048,1903,1909,1920,2503,2519,2464,2483,2059,2003,1703,1975,2157,1863,2047,1941,4401
1956,1859,1903,1992,2496,2499,2480,2477,1731,2128,1863,1907,2208,1835,1950,2088,4405
1883,1916,1904,1949,2512,2483,2479,2488,1822,1773,2204,1943,1957,1984,1863,1861,4409
1962,1857,1946,1951,2515,2506,2461,2489,2088,1881,1823,2184,2057,1919,2036,1857,4413
2039,1891,1875,1965,2502,2503,2479,2474,1703,2068,1911,1841,2231,1896,1807,2132,4417
1963,1915,1898,1915,2527,2496,2471,2493,1920,1691,2074,2034,1827,2052,1912,1717,4421
2056,1879,1899,1936,2505,2515,2464,2483,2059,1984,1695,2030,2155,1875,2063,1935,4425
2061,1968,1870,1919,2496,2503,2483,2480,1857,1839,2020,1773,1971,2016,1817,1927,4429
2048,1955,1924,1893,2507,2520,2471,2489,2208,1814,1813,2124,1845,2055,2004,1773,4433
2102,2021,1879,1930,2487,2511,2494,2471,1846,2100,1851,1679,2170,1954,1919,2100,4437
2027,2070,1911,1852,2506,2496,2487,2495,2067,1783,2040,1871,1807,2072,1887,1821,4441
1918,1901,1896,1919,2527,2496,2471,2495,1895,1708,2100,2003,1783,2008,1882,1755,4445
2126,1978,1869,1946,2488,2523,2484,2471,1809,2112,1870,1758,2204,1927,1935,2080,4449
1975,2085,1938,1871,2507,2496,2487,2495,2112,1721,1999,1992,1713,2156,1955,1731,4453
2016,2047,1981,1904,2493,2510,2496,2487,2095,2180,1818,1943,2024,1854,2153,2060,4457
1945,2074,2018,1915,2496,2487,2489,2504,1964,1823,2152,1856,1747,2048,1931,1919,4461
1925,1949,2071,2032,2487,2503,2472,2491,2135,2126,1747,2114,1868,1907,2100,2067,4465
1847,1954,1963,2017,2500,2481,2479,2498,1822,1804,2264,1905,1770,1986,1867,1933,4469
1968,1864,1887,1970,2507,2509,2476,2473,1929,2048,1775,2063,2240,1827,1999,2048,4473
1955,1878,1902,2011,2498,2495,2482,2476,1705,2180,1976,1881,2222,1881,1886,2096,4477
1911,1899,1920,1935,2518,2484,2471,2495,1924,1663,2003,2065,1867,2074,1904,1721,4481
2087,1969,1865,1919,2496,2511,2485,2474,1777,1937,2004,1727,2141,1952,1803,2033,4485
1950,1890,1902,1991,2496,2493,2482,2474,1695,2094,2048,1829,2179,1895,1844,2058,4489
2032,1907,1908,1910,2510,2512,2463,2491,2148,1757,1743,2164,1961,1995,1952,1787,4493
2039,2048,1919,1901,2496,2499,2495,2480,1891,1903,2036,1745,2046,2017,1891,2031,4497
1954,2045,2062,1888,2499,2504,2474,2503,2276,2049,1727,2112,1909,1937,2072,1915,4501
1959,1995,2035,2007,2481,2495,2491,2496,1753,2119,2123,1715,2047,1936,1886,2186,4505
1879,1950,2064,2023,2499,2496,2471,2503,2096,1839,2063,2112,1729,2069,1952,1852,4509
1918,1923,1941,2086,2478,2499,2484,2480,1771,2224,1914,1809,2100,1861,1927,2104,4513
1846,1899,1956,1967,2511,2496,2467,2495,2004,1771,2083,2129,1741,2037,1914,1750,4517
2029,1876,1867,1982,2502,2503,2479,2472,1723,2012,1920,1743,2172,1920,1807,2144,4521
1895,1912,1925,1979,2504,2483,2483,2488,1655,2047,2097,1821,2147,1907,1837,2023,4525
2052,1871,1913,1937,2503,2515,2464,2483,2039,1959,1709,2063,2156,1871,2043,1896,4529
2047,2016,1886,1865,2504,2491,2491,2490,1823,1811,2052,1855,1867,2048,1833,1918,4533
2009,1947,1871,1887,2511,2504,2477,2491,1939,1689,2116,1938,1874,2064,1859,1775,4537
2044,2048,1935,1904,2488,2509,2496,2479,1942,2136,1784,1797,2144,1901,2003,2064,4541
1921,2003,2064,1965,2499,2496,2477,2517,2080,1859,2175,1988,1690,2091,1984,1879,4545
1907,1910,1955,2073,2481,2491,2485,2481,1756,2132,2081,1785,2084,1879,1897,2180,4549
1841,1891,1984,1987,2507,2496,2469,2497,2000,1763,2027,2240,1733,2047,1962,1771,4553
1908,1883,1942,2032,2491,2499,2480,2481,1782,2100,1887,2071,2112,1803,2035,2064,4557
1869,1914,1918,1969,2508,2481,2481,2488,1844,1801,2128,1953,1838,1984,1827,1943,4561
2064,2033,1918,1928,2486,2507,2492,2477,1959,2160,1763,1735,2192,1945,1982,2148,4565
1961,2090,1939,1863,2504,2491,2497,2496,2112,1766,2116,1807,1735,2072,1940,1845,4569
1973,2047,2025,1904,2497,2507,2480,2497,2206,2065,1728,2095,1968,1868,2128,2009,4573
1903,1996,2048,2003,2496,2486,2487,2504,1878,1875,2216,1868,1791,2016,1889,2035,4577
1888,1894,1979,2056,2487,2499,2472,2489,1987,2061,1851,2175,2060,1837,2071,2028,4581
1857,1912,1937,1959,2504,2480,2483,2492,1785,1742,2114,1991,1869,1984,1859,1803,4585
2064,1887,1895,1936,2499,2517,2472,2479,1905,2080,1795,1961,2168,1855,2027,1952,4589
2055,1992,1883,1880,2508,2502,2485,2488,1969,1659,2168,1891,1817,2088,1848,1791,4593
2000,2055,1987,1950,2483,2503,2488,2489,2077,2152,1775,1881,2112,1887,2123,2112,4597
1875,1971,2056,2019,2501,2496,2477,2503,2086,1853,2203,1984,1731,2083,1972,1815,4601
2015,2083,1956,1863,2507,2496,2486,2495,2144,1781,1979,2024,1783,2155,2016,1747,4605
1984,2048,2009,1979,2482,2499,2489,2496,1821,2224,1819,1757,2112,1887,2031,2200,4609
1883,1919,2018,2054,2495,2498,2467,2497,2080,1891,2039,2088,1822,2027,1996,1839,4613
1904,1907,1995,2072,2487,2503,2472,2487,2095,2048,1835,2135,1968,1823,2064,2009,4617
1880,1944,1959,2023,2496,2483,2483,2496,1759,1823,2220,1881,1897,1984,1851,1938,4621
1863,1865,1984,1989,2503,2497,2463,2493,2138,1987,1684,2258,1959,1871,2032,1904,4625
1939,1888,1903,1965,2500,2494,2483,2480,1721,1877,2084,1879,2151,1921,1791,2039,4629
2080,1935,1919,1898,2503,2522,2465,2483,2200,1955,1629,2120,2025,1923,2047,1809,4633
2023,2064,1907,1887,2496,2497,2495,2480,1979,1915,2112,1726,1845,2040,1871,2028,4637
1951,2031,2047,1927,2495,2505,2471,2499,2268,1993,1675,2120,1846,1951,2100,1937,4641
1875,1966,1998,2035,2496,2482,2486,2496,1915,1777,2264,1987,1743,2040,1874,1879,4645
